2.083596
0.046772
0.034396
0.032688
0.033092
0.033399
0.032718
0.034303
0.032690
0.033040
0.151616
0.047366
0.033013
0.033405
0.033338
0.032555
0.034321
0.032996
0.033093
0.033821
0.151219
0.046418
0.034695
0.034014
0.033258
0.034050
0.032680
0.032906
0.033126
0.032762
0.153002
0.046041
0.033255
0.032606
0.033614
0.032758
0.033245
0.033543
0.032879
0.033756
0.151603
0.046715
0.032864
0.034345
0.032957
0.032997
0.033626
0.032311
0.032761
0.032728
0.150977
0.045856
0.033193
0.032820
0.032806
0.033303
0.032397
0.032644
0.032599
0.032308
0.151905
0.046458
0.033180
0.032617
0.032563
0.032375
0.032332
0.032929
0.033206
0.032970
0.150312
0.047108
0.032455
0.032696
0.033089
0.032717
0.033415
0.032741
0.032417
0.033170
0.150921
0.046165
0.032787
0.033170
0.032941
0.032569
0.032625
0.032758
0.033236
0.032373
0.150513
0.046143
0.033173
0.032191
0.032982
0.033010
0.032596
0.033244
0.032583
0.032342
0.150862
0.045738
0.032266
0.032686
0.033084
0.032229
0.032526
0.032553
0.032583
0.033002
0.150725
0.046429
0.032047
0.032800
0.032185
0.032263
0.033091
0.032377
0.032963
0.032548
0.150581
0.045725
0.032177
0.032805
0.032353
0.032842
0.032249
0.032198
0.032413
0.032221
0.150946
0.046055
0.032615
0.032356
