2.116715
0.049685
0.034847
0.033645
0.033475
0.033749
0.033480
0.034340
0.034315
0.033954
0.152368
0.049079
0.033520
0.033592
0.034130
0.033632
0.033340
0.033670
0.034437
0.034779
0.151861
0.049227
0.033583
0.033858
0.033711
0.034519
0.034384
0.034089
0.034179
0.034007
0.151922
0.048625
0.033474
0.033762
0.032976
0.033216
0.034599
0.033742
0.034511
0.034188
0.152182
0.048544
0.033744
0.033494
0.033633
0.034111
0.033396
0.033893
0.034159
0.033520
0.153070
0.048784
0.034306
0.033064
0.033231
0.035230
0.033877
0.035392
0.033415
0.033232
0.153471
0.049884
0.033901
0.033352
0.034128
0.034009
0.033712
0.033448
0.033074
0.034710
0.151596
0.049184
0.033436
0.033368
0.033883
0.033700
0.034227
0.033544
0.033474
0.035519
0.152065
0.048356
0.033190
0.035050
0.033431
0.033563
0.033618
0.033416
0.034071
0.033391
0.152019
0.048266
0.033526
0.034062
0.033495
0.034783
0.033603
0.033859
0.033874
0.033352
0.152451
0.048482
0.035429
0.033421
0.033535
0.034701
0.033586
0.034256
0.033513
0.033295
0.151929
0.050383
0.033231
0.033288
0.033919
0.033016
0.033475
0.033687
0.033295
0.034696
0.151981
0.049281
0.033231
0.033520
0.034883
0.034031
0.033794
0.033440
0.033612
0.033394
0.150685
0.048068
0.032594
0.033584
0.032727
0.032917
0.033255
0.032970
0.033071
0.033035
0.150655
0.047640
0.032907
0.033089
0.034515
0.033773
0.033087
0.033493
0.034106
0.033184
0.152271
0.048085
0.033978
0.033557
0.033881
0.034083
0.033337
0.033560
0.033952
0.033607
0.153204
0.048620
0.033744
0.033574
0.033513
0.033396
0.033315
0.034233
0.033455
0.033092
0.151824
0.049333
0.033726
0.033367
0.034614
0.033204
0.033270
0.033702
0.033247
0.034158
0.151485
0.049152
0.033806
0.033861
0.033879
0.033418
0.034145
0.033617
0.033160
0.033819
0.153110
0.048674
0.032866
0.034407
0.032697
0.033084
0.033655
0.033243
0.033401
0.032666
0.151404
0.047886
0.032744
0.033066
0.032675
0.033646
0.032968
0.032749
0.033365
0.033178
0.151222
0.047413
0.034271
0.033236
0.032593
0.033267
0.032853
0.035353
0.035573
0.033031
0.151587
0.048119
0.033300
0.032891
0.036536
0.035517
0.032861
0.033070
0.035616
0.035954
0.151319
0.049787
0.033118
0.033396
0.035084
0.033337
0.037126
0.034471
0.035849
0.036233
0.154302
0.047936
0.036148
0.036172
0.035119
0.036583
0.037498
0.035865
0.036200
0.035729
0.152407
0.048164
0.038342
0.035851
0.036251
0.033505
0.035978
0.035966
