2.092886
0.051617
0.034334
0.033839
0.033521
0.034014
0.033589
0.032413
0.033523
0.033684
0.151139
0.050837
0.032766
0.031642
0.032038
0.032979
0.032081
0.032701
0.032422
0.031796
0.150273
0.050403
0.032287
0.032179
0.032018
0.032052
0.032202
0.031862
0.032364
0.032057
0.149617
0.050621
0.031748
0.032625
0.031895
0.033273
0.033226
0.032552
0.032755
0.032203
0.150458
0.051132
0.033060
0.032523
0.032584
0.032001
0.032314
0.032117
0.032207
0.032502
0.150393
0.051244
0.032803
0.032415
0.032772
0.032369
0.032189
0.032804
0.032511
0.032427
0.151043
0.050599
0.032626
0.032365
0.032281
0.032589
0.032485
0.032829
0.033293
0.071166
0.151192
0.051577
0.033198
0.032821
0.032625
0.033218
0.033098
0.033624
0.032880
0.034618
0.151418
0.052065
0.033528
0.032171
0.033605
0.033093
0.032892
0.033542
0.032364
0.033066
0.151195
0.051587
0.032837
0.033137
0.033051
0.032682
0.032250
0.033147
0.032904
0.034618
0.152409
0.050949
0.032846
0.032712
0.032671
0.033005
0.032672
0.033208
0.032408
0.032396
0.151712
0.050929
0.033224
0.032633
0.032316
0.032903
0.032678
0.032576
0.039670
0.033355
0.151526
0.050848
0.033143
0.033008
0.032437
0.033373
0.032799
0.032978
0.032841
0.032856
0.150614
0.050771
0.032372
0.033061
0.032364
0.032342
0.032839
0.033575
0.033876
0.032723
0.152111
0.051166
0.032421
0.032874
0.032358
0.032443
0.032922
0.032418
0.032227
0.032715
0.150727
0.051638
0.032781
0.034022
0.032950
0.032296
0.033394
0.032425
0.032556
0.033755
0.151088
0.051917
0.150788
0.169671
0.050866
0.150996
0.051389
0.032815
0.032887
0.033007
0.151254
0.051862
0.033032
0.033436
0.033127
0.150915
0.052134
0.032840
0.032951
0.032970
0.150549
0.051360
0.033905
0.035512
0.033859
0.033429
0.033832
0.033244
0.032790
0.033137
0.151306
0.051289
0.014587
0.014589
0.014531
0.014396
0.014690
0.014589
0.014622
0.014590
0.132978
0.033123
0.014545
0.014570
0.014586
0.014807
0.014595
0.014453
0.014647
0.014509
0.133092
0.033159
0.014400
0.014589
0.014565
0.015456
0.014781
0.014591
0.014649
0.014635
0.133452
0.033678
0.014600
0.014606
0.014740
0.014652
0.014685
0.014563
0.014923
0.014603
0.133254
0.033183
0.014552
0.014572
0.014866
0.014618
0.014599
0.014553
0.014571
0.014590
0.133902
0.033305
0.014394
0.014952
0.015057
0.014949
0.014943
0.014961
0.014921
0.014635
0.132600
0.033438
0.014526
0.014594
0.014697
0.014746
0.014750
0.014634
0.014541
0.015209
0.133022
0.033364
0.015249
0.015075
0.015117
0.014568
0.014503
0.014561
0.014913
0.014620
0.132954
0.033236
0.014781
0.015010
0.014616
0.014569
0.014574
0.014721
0.014983
0.014685
0.132951
0.033421
0.015009
0.014731
0.014574
0.014611
0.014570
0.014781
0.014665
0.014673
0.132977
0.051544
0.033765
0.032651
0.151105
0.052339
0.152628
0.170832
0.169654
0.050724
0.152298
0.051117
0.033897
0.034532
0.035261
0.154220
0.050809
0.035330
0.035490
0.034519
0.153970
0.052415
0.033627
0.033139
0.035084
0.033636
0.033815
0.032897
0.034199
0.033929
0.152910
0.052076
0.032667
0.032719
0.035554
0.033033
0.032995
0.033771
0.033472
0.032720
0.151655
0.051225
0.033892
0.033118
0.034993
0.032037
0.031741
0.033468
0.032573
0.032811
0.151032
0.050629
0.033089
0.032182
0.032284
0.032463
0.032219
0.032060
0.032528
0.031892
0.150287
0.050828
0.032144
0.032167
0.032632
0.032941
0.031803
0.032030
0.033059
0.032233
0.150192
0.050376
0.032126
0.033574
0.032506
0.032440
0.035834
0.033015
0.034724
0.034726
0.152133
0.050997
0.033713
0.034807
0.033412
0.033432
0.033631
0.032837
0.032800
0.033084
0.151113
0.051495
0.032958
0.014795
0.015202
0.015038
0.014945
0.014371
0.014354
0.014692
0.133946
0.033253
0.014260
0.014290
0.014626
0.014361
0.014527
0.014414
0.014446
0.014653
0.132641
0.033234
0.014403
0.014783
0.014551
0.014436
0.014594
0.014348
0.014251
0.014497
0.132312
0.033371
0.014418
0.015063
0.014779
0.014315
0.014726
0.014905
0.014755
0.014681
0.132879
0.033424
0.014290
0.014764
0.014393
0.014311
0.014445
0.014505
0.014622
0.014664
0.132949
0.033325
0.014464
0.014548
0.014243
0.014230
0.014336
0.014285
0.014496
0.014455
0.132414
0.033294
0.014595
0.014508
0.014441
0.014932
0.014450
0.014513
0.015163
0.014827
0.132893
0.033486
0.014656
0.014429
0.014475
0.014440
0.014410
0.014619
0.014917
0.014635
0.132284
0.033530
0.014465
0.014455
0.014471
0.014142
0.014412
0.014738
0.014547
0.014451
0.132924
0.033421
0.014713
0.014177
0.014429
0.014453
0.014432
0.015013
0.014310
0.014302
0.132159
0.033516
0.014484
0.014449
0.014659
0.014552
0.014594
0.014640
0.014507
0.014468
0.132591
0.033439
0.014411
0.014513
0.014435
0.014626
0.014771
0.014488
0.014464
0.031800
0.151191
0.050690
0.031923
0.149863
0.169106
0.170261
0.169559
0.169886
0.171022
0.169541
0.167416
0.170180
0.169898
0.050386
0.033676
0.034756
0.033975
0.034432
0.033633
0.033779
0.152933
0.051472
0.034121
0.034176
0.035514
0.034616
0.033548
0.035916
0.034088
0.034177
0.151468
0.051133
0.032961
0.034765
0.033257
0.035858
0.032083
0.033501
0.032883
0.032615
0.152265
0.051760
0.033332
0.032874
0.032562
0.034417
0.032852
0.033143
0.032885
0.032648
0.151700
0.051494
0.034809
0.032503
0.032132
0.033344
0.032636
0.032341
0.032419
0.032067
0.151449
0.051364
0.032626
0.032591
0.032531
0.033231
0.032471
0.033724
0.035118
0.033782
0.152900
0.050567
0.033554
0.033582
0.033128
0.033675
0.033623
0.032676
0.014497
0.014690
0.151335
0.051733
0.032558
0.032350
0.032743
0.150162
0.051805
0.150092
0.050910
0.031751
0.150341
0.050914
0.032766
0.032450
0.032392
0.033081
0.032412
0.032223
0.151376
0.051279
0.152217
0.053953
0.032151
0.032293
0.031528
0.032257
0.031506
0.032332
0.031959
0.031925
0.152547
0.050853
0.032622
0.032556
0.031943
0.033152
0.033120
0.032430
0.033023
0.032098
0.150820
0.050826
0.031743
0.032097
0.032128
0.032813
0.032542
0.032221
0.032785
0.032064
0.150218
0.051259
0.031608
0.032609
0.032171
0.031829
0.032519
0.031912
0.032338
0.032469
0.150737
0.051273
0.031817
0.032454
0.032685
0.032408
0.033493
0.032224
0.032017
0.033236
0.150350
0.051972
0.032115
0.031918
0.032676
0.032116
0.031794
0.032460
0.032125
0.031791
0.151245
0.052553
0.032677
0.031993
0.033409
0.031934
0.032103
0.033722
0.032280
0.031920
0.151408
0.052132
