2.120122
0.035470
0.034924
0.039091
0.038689
0.039556
0.035819
0.035336
0.034833
0.034918
0.153783
0.034586
0.039407
0.034993
0.039687
0.038766
0.035508
0.034490
0.034730
0.039724
0.157160
0.038666
0.037629
0.037268
0.038829
0.038314
0.038954
0.034571
0.034760
0.034701
0.152594
0.034270
0.034160
0.038610
0.038824
0.036170
0.035813
0.035638
0.034594
0.038889
0.157540
0.038421
0.035464
0.036201
0.035507
0.034511
0.035481
0.035060
0.035450
0.035224
0.154121
0.036948
0.034598
0.035067
0.034384
0.038510
0.038268
0.038799
0.034454
0.035285
0.152503
0.034406
0.035498
0.034835
0.035383
0.034302
0.035175
0.034386
0.034781
0.035003
0.152490
0.035151
0.034754
0.035430
0.035248
0.038856
0.038606
0.038602
0.034419
0.034616
0.156040
0.034629
0.039214
0.038474
0.034933
0.034500
0.034591
0.034716
0.035038
0.033929
0.153041
0.037937
0.037964
0.039294
0.034819
0.034904
0.038332
0.038704
0.038376
0.038862
0.156125
0.034586
0.039073
0.038065
0.041153
0.037322
0.038597
0.035116
0.034365
0.039815
0.159488
0.040573
0.035868
0.034235
0.035072
0.034244
0.035298
0.034755
0.034877
0.034331
0.153365
0.037606
0.038329
0.038185
0.034713
0.035602
0.034781
0.039149
0.034899
0.035850
0.156662
0.037787
0.034926
0.034902
0.034762
0.035572
0.034863
0.034644
0.034685
0.038646
0.154293
0.038161
0.034356
0.035199
0.034770
0.035101
0.034469
0.035648
0.034996
0.035779
0.152892
0.035166
0.034991
0.035239
0.035000
0.035495
0.035389
0.034943
0.036123
0.034626
0.154619
0.037697
0.034518
0.034897
0.034655
0.036890
0.034993
0.036479
0.034594
0.036487
0.153001
0.038055
0.035006
0.034553
0.034573
0.034563
0.034576
0.034735
0.034701
0.034809
0.153049
0.037311
0.034943
0.034746
0.038879
0.034499
0.038792
0.035589
0.035374
0.035410
0.156943
0.039495
0.034696
0.035499
0.035637
0.035526
0.034821
0.035343
0.034635
0.035583
0.152651
0.037347
0.034360
0.038438
0.035174
0.034729
0.039666
0.038530
0.035426
0.034877
0.153719
0.035603
0.034433
0.034653
0.035136
0.037196
0.034699
0.035230
0.034735
0.035665
0.154750
0.035091
0.035809
0.035222
0.035939
0.035065
0.037341
0.036471
0.039017
0.034772
0.153463
0.037609
0.035262
0.035235
0.036153
0.035253
0.038456
0.035346
0.035067
0.034997
0.153178
0.034894
0.038998
0.034813
0.034758
0.035048
0.034987
0.034640
0.035563
0.035088
0.155903
0.039055
0.035177
0.034877
0.035167
0.034599
0.035788
0.034772
0.036074
0.034989
0.153638
0.038657
0.037453
0.035123
0.035106
0.036619
0.035847
0.035028
0.036141
0.034995
0.154343
0.034760
0.036960
0.036959
0.035269
0.035754
0.035159
0.035605
0.034897
0.035629
0.153536
0.037271
0.034935
0.034348
0.034918
0.034999
0.034860
0.035188
0.039277
0.035331
0.153838
0.035207
0.036205
0.034774
0.035638
0.034838
0.036192
0.035171
0.034966
0.035139
0.152889
0.035422
0.035396
0.036668
0.034531
0.035219
0.034778
0.035357
0.035032
0.035380
0.152467
0.034582
0.035235
0.034732
0.035702
0.035179
0.036171
0.034660
0.035307
0.034493
0.155799
0.037427
0.035456
0.035183
0.035356
0.035563
0.035251
0.036167
0.035050
0.035823
0.153258
0.038833
0.034958
0.036154
0.034972
0.035375
0.034957
0.034714
0.035011
0.035101
0.153706
0.036963
0.036461
0.035633
0.035493
0.035102
0.035148
0.034659
0.039270
0.039103
0.156723
0.039675
0.034575
0.035192
0.035151
0.036174
0.035101
0.034985
0.037294
0.035122
0.156056
0.037605
0.034798
0.035187
0.035330
0.035573
0.035467
0.035205
0.035633
0.035824
0.153546
0.037551
0.035653
0.035614
0.034792
0.035182
0.034964
0.035611
0.035183
0.034960
0.153422
0.034537
0.035315
0.035150
0.036072
0.034702
0.035731
0.035301
0.035867
0.035530
0.153546
0.036238
0.035419
0.035860
0.035144
0.036078
0.036252
0.035653
0.034978
0.036007
