2.127278
0.047308
0.034703
0.033365
0.032909
0.033242
0.033776
0.032854
0.033767
0.033037
0.151286
0.039237
0.033107
0.032756
0.032838
0.032895
0.032640
0.033287
0.032498
0.032369
0.150288
0.045753
0.031978
0.032843
0.033095
0.032563
0.033090
0.032079
0.032615
0.032670
0.151008
0.038966
0.032786
0.036497
0.033063
0.033655
0.032816
0.033300
0.032741
0.032856
0.151340
0.046021
0.032929
0.032732
0.033510
0.032513
0.033017
0.032669
0.032846
0.033048
0.150728
0.039183
0.033457
0.033497
0.032596
0.033270
0.032791
0.033317
0.033137
0.032979
0.151793
0.046051
0.033300
0.032998
0.033105
0.032740
0.033239
0.033841
0.035775
0.033821
0.150905
0.046141
0.032445
0.033203
0.033642
0.034945
0.032941
0.032420
0.034290
0.032646
0.151203
0.038988
0.032955
0.033581
0.033741
0.032863
0.033102
0.033177
0.032521
0.033354
0.150745
0.046259
0.032894
0.033698
0.032766
0.033571
0.032547
0.032866
0.033422
0.032583
0.151637
0.038788
0.033895
0.033051
0.034602
0.033226
0.032830
0.033070
0.033010
0.033243
0.150730
0.040393
0.032695
0.033065
0.032561
0.033020
0.033238
0.032543
0.033705
0.032545
0.159783
0.046094
0.033559
0.032855
0.034323
0.032755
0.032739
0.032568
0.032561
0.032982
0.150551
0.039266
0.033943
0.033907
0.032672
0.033585
0.032475
0.032457
0.033131
0.032752
0.152266
0.038461
0.033075
0.032387
0.033615
0.032490
0.032061
0.032767
0.031881
0.032071
0.149955
0.037797
0.031882
0.031870
0.032522
0.032007
0.034611
0.033086
0.032782
0.034021
0.150596
0.046893
0.032920
0.033386
0.032799
0.033755
0.033006
0.032751
0.033088
0.032691
0.151057
0.046004
0.033623
0.032700
0.033844
0.032783
0.032698
0.032878
0.032606
0.033635
0.150817
0.046270
0.032529
0.033165
0.032685
0.032553
0.033033
0.032885
0.033435
0.032704
0.151073
0.045630
0.033746
0.032629
0.032798
0.033050
0.033365
0.033530
0.033005
0.032945
0.150791
0.039678
0.032557
0.033392
0.033106
0.033394
0.033573
0.032657
0.032928
0.032983
0.150693
0.044887
0.032716
0.032929
0.033136
0.033404
0.032598
0.032730
0.032629
0.032459
0.151090
0.038810
0.033358
0.034366
0.033529
0.032699
0.032558
0.032890
0.032339
0.033292
0.150389
0.046001
0.033736
0.033488
0.032362
0.032796
0.032959
0.032671
0.033458
0.032496
0.151136
0.047608
0.033414
0.032489
0.032420
0.033133
0.032612
0.033309
0.150959
0.046177
0.150740
0.045902
0.032756
0.032995
0.032928
0.151431
0.164101
0.163569
0.046251
0.033843
0.151534
0.046022
0.033628
0.034353
0.033371
0.034142
0.033555
0.034584
0.151937
0.157087
0.165653
0.039064
0.034313
0.033006
0.034172
0.032531
0.032518
0.033591
0.151253
0.046277
0.150694
0.038898
0.032801
0.151640
0.046339
0.149983
0.164112
0.157297
0.155758
0.157001
0.156855
0.163580
0.046236
0.150184
0.038620
0.032125
0.150400
0.164527
0.038573
0.151465
0.164407
0.038836
0.033116
0.033027
0.032748
0.033179
0.032707
0.033274
0.032531
0.150480
0.156820
0.040104
0.032672
0.033113
0.033034
0.033043
0.033922
0.043555
0.153376
0.046078
0.151806
0.041637
0.033319
0.033168
0.033534
0.033133
0.035448
0.033252
0.035397
0.034436
0.152108
0.039231
0.033818
0.034087
0.151634
0.157511
0.047443
0.035373
0.017213
0.035710
0.152853
0.038734
0.032220
0.152869
0.038263
0.032929
0.033505
0.033967
0.015060
0.031834
0.151153
0.038779
0.015077
0.015084
0.032619
0.015407
0.033233
