336	365	390	199
352	371	384	190
353	361	370	206
371	351	350	204
374	366	333	204
380	367	328	198
385	377	363	180
380	370	377	179
397	381	357	190
406	357	351	200
402	364	365	186
413	374	359	212
428	367	337	206
435	365	334	196
447	373	320	182
461	374	316	191
444	366	353	191
460	378	355	195
465	366	334	213
459	363	370	209
470	350	353	216
471	366	373	195
466	355	374	193
472	377	386	204
487	370	367	197
480	345	392	203
465	351	415	205
494	375	395	206
507	360	369	213
526	372	363	211
533	364	364	205
522	353	386	201
537	372	392	214
541	360	395	231
552	356	351	219
565	353	354	231
577	350	336	231
593	360	320	213
601	350	344	227
591	344	355	216
585	361	401	200
610	349	353	225
630	352	325	227
616	349	380	204
603	360	408	201
621	354	386	219
637	342	380	233
630	333	394	242
655	342	395	226
635	350	423	219
637	364	432	218
646	357	436	214
624	351	451	208
662	356	441	231
650	346	485	239
676	350	443	230
665	334	452	223
680	340	436	223
691	340	440	209
703	343	416	239
713	355	417	234
711	351	436	210
710	334	463	226
727	335	488	227
715	344	455	211
720	347	478	221
746	333	455	224
768	338	400	220
760	351	441	221
765	321	439	231
756	344	473	240
769	323	461	244
794	323	452	224
787	337	446	229
798	330	456	224
791	341	454	221
825	342	439	228
433	327	460	258
810	340	463	243
807	324	457	229
807	324	457	229
811	337	464	245
809	337	468	244
802	343	487	219
827	335	464	230
852	338	433	228
879	330	395	239
898	329	377	240
898	329	377	240
888	344	382	239
863	333	420	245
863	333	420	245
863	333	420	245
863	333	420	245
589	333	447	276
589	333	447	276
589	333	447	276
206	337	474	252
561	333	523	265
561	333	523	265
561	333	523	265
581	321	553	290
604	310	528	277
604	310	528	277
604	310	528	277
604	310	528	277
180	367	513	203
671	331	537	286
627	333	585	295
633	325	637	289
633	325	637	289
633	325	637	289
681	315	565	289
681	315	565	289
701	318	549	302
701	318	549	302
706	301	568	299
706	301	568	299
706	301	568	299
706	301	568	299
706	301	568	299
706	301	568	299
706	301	568	299
706	301	568	299
706	301	568	299
706	301	568	299
706	301	568	299
706	301	568	299
706	301	568	299
706	301	568	299
706	301	568	299
706	301	568	299
706	301	568	299
706	301	568	299
706	301	568	299
706	301	568	299
706	301	568	299
706	301	568	299
706	301	568	299
706	301	568	299
706	301	568	299
706	301	568	299
-15	375	568	193
670	368	506	222
320	372	489	175
267	388	500	158
259	389	526	143
261	388	501	163
287	397	516	164
300	372	500	162
281	396	517	157
324	383	485	163
281	399	512	152
312	391	509	145
274	383	558	155
257	389	567	148
278	390	556	140
272	387	570	139
281	390	576	165
284	379	562	161
323	384	524	153
307	394	541	160
323	384	533	152
355	385	492	160
346	387	521	176
354	394	522	169
363	362	525	164
373	383	509	157
358	392	531	169
2	389	508	185
366	392	513	146
377	394	520	156
374	381	526	162
380	394	522	173
394	371	512	171
388	378	509	165
92	372	488	190
91	380	467	178
410	389	503	172
414	383	502	176
443	367	461	170
430	382	473	175
419	370	510	170
443	372	481	176
95	371	504	176
92	380	483	184
72	369	491	182
89	374	505	178
111	374	473	180
451	382	503	170
75	380	495	194
148	375	448	179
467	382	428	164
160	387	427	192
181	379	373	186
476	380	343	155
514	383	310	167
513	380	319	176
224	369	362	200
213	370	372	192
229	396	348	173
512	379	341	177
524	387	335	182
540	368	299	168
537	371	314	167
552	386	289	172
541	384	302	169
562	378	285	168
274	381	283	183
559	382	280	178
276	379	319	188
276	366	313	188
565	371	320	173
577	381	295	166
572	369	307	172
307	374	289	178
291	372	329	193
290	375	330	185
298	365	315	210
297	361	339	191
301	370	352	181
318	381	338	187
312	362	344	207
315	372	342	181
320	379	351	185
314	362	368	190
330	373	351	198
333	358	339	208
339	376	351	182
349	374	341	186
353	365	341	201
352	371	339	186
353	368	348	184
365	369	329	192
365	375	337	199
371	355	323	192
367	368	323	197
382	356	327	198
378	373	342	195
383	371	338	200
393	359	339	200
399	380	317	193
400	378	326	201
411	368	315	199
411	367	325	204
429	372	313	204
415	375	347	202
424	358	336	189
417	371	353	179
417	364	363	184
415	376	362	202
449	368	336	219
452	357	324	178
436	362	357	185
429	364	370	199
452	355	353	215
458	352	347	197
455	364	364	184
470	377	350	190
477	354	340	198
485	370	329	186
465	358	370	199
489	368	343	186
473	369	375	198
468	363	388	200
491	358	380	212
488	358	370	197
487	351	378	197
492	368	386	216
486	365	395	214
500	357	393	219
525	366	346	203
547	357	342	204
526	357	368	196
535	370	367	208
547	357	360	205
516	359	405	203
546	352	378	218
545	351	381	210
550	355	382	210
569	346	360	205
575	344	347	223
584	356	350	215
594	347	362	209
603	359	345	221
568	351	391	201
575	354	385	215
580	349	398	215
588	346	386	220
594	349	389	224
573	347	399	212
587	342	402	213
604	366	394	217
619	353	388	227
623	350	382	210
635	346	367	216
675	348	339	218
675	349	333	227
657	341	367	227
660	345	372	228
691	337	344	232
699	355	341	230
696	348	344	231
373	336	356	262
748	346	315	230
786	350	273	206
734	354	291	239
705	341	330	239
707	340	368	243
813	363	370	218
717	339	361	225
716	334	386	231
703	340	415	244
776	355	444	228
394	329	462	262
703	342	402	247
1003	358	336	197
883	351	315	216
761	339	305	236
794	330	303	231
872	347	279	224
797	336	307	229
856	343	317	219
801	343	336	242
796	335	342	240
807	342	350	235
819	333	372	251
1066	344	350	214
1062	352	343	200
972	343	306	218
1084	345	306	205
1102	343	272	208
1130	340	241	211
1013	342	246	220
1171	345	207	212
1039	354	190	226
1211	339	170	206
1178	344	189	210
1236	336	179	213
1189	351	168	211
1162	350	178	211
1175	347	178	213
1173	345	152	222
1213	342	154	225
1232	363	128	205
1172	351	107	217
1196	346	83	220
1240	338	71	228
1235	318	87	197
1158	436	91	207
1176	344	97	228
1208	349	102	222
1190	352	97	220
1194	355	86	216
1213	343	74	228
1211	346	68	228
1237	413	90	238
1228	343	91	226
1239	344	72	226
1250	338	68	199
1255	341	73	187
1270	342	60	174
1275	335	51	180
1228	432	60	152
1245	448	68	144
1228	440	78	132
1245	365	70	129
1247	364	64	139
1237	361	40	152
1236	354	45	155
1243	355	32	158
1249	352	29	161
1256	345	35	161
1257	339	43	149
1264	431	46	151
1250	439	51	155
1220	421	62	171
1190	420	84	181
1235	443	103	197
1234	443	116	225
975	381	104	222
1212	436	108	196
1207	314	108	200
1246	450	102	199
1215	415	80	201
1215	420	68	172
1234	411	47	183
1209	420	63	182
1213	419	65	179
1215	415	70	187
1237	433	78	173
1201	433	82	155
980	410	77	179
1075	368	94	186
1075	368	94	186
1216	461	102	163
1223	436	78	155
1233	442	72	160
1238	421	59	177
1246	416	43	188
1246	416	43	188
1217	397	55	197
1270	411	59	185
1236	415	51	175
1165	417	53	177
1171	418	61	176
1179	428	76	161
1172	414	94	177
1193	395	94	201
1193	422	101	165
1207	410	103	175
1195	429	106	155
1228	447	79	135
1199	447	80	136
1194	440	89	143
1189	430	81	151
1187	423	84	162
1199	416	75	168
1217	412	61	172
1236	426	75	166
1194	281	84	157
1183	323	101	147
1185	417	91	161
1193	413	87	167
1205	408	78	172
1213	414	72	163
1226	412	57	163
1237	414	47	156
1245	421	37	140
1252	380	35	139
1263	382	24	134
1254	359	30	134
1254	359	30	134
1254	359	30	134
1254	359	30	134
1254	359	30	134
1254	359	30	134
1254	359	30	134
1254	359	30	134
1254	359	30	134
1254	359	30	134
1254	359	30	134
1254	359	30	134
1254	359	30	134
1254	359	30	134
1254	359	30	134
1254	359	30	134
1254	359	30	134
1254	359	30	134
1254	359	30	134
1254	359	30	134
1254	359	30	134
1254	359	30	134
1254	359	30	134
1254	359	30	134
1126	365	36	135
1110	377	43	130
1107	369	46	128
1102	373	49	127
1106	395	63	111
1106	395	63	111
1109	398	63	101
1115	401	76	96
1119	399	88	96
1124	402	102	76
1124	403	102	87
1130	402	97	83
1138	401	89	71
1137	404	92	77
1135	403	98	95
1150	403	93	95
1153	402	95	92
1149	401	91	101
1159	401	82	97
1157	401	68	103
1164	405	60	99
1176	398	53	101
1180	399	49	102
1187	399	49	101
1192	399	50	102
1193	398	53	101
1197	398	57	105
1196	401	60	101
1198	401	65	103
1205	397	60	106
1210	400	63	104
1214	399	60	103
1213	401	67	103
1213	403	69	101
1222	407	60	96
1234	407	46	99
1236	404	43	101
1248	406	34	101
1246	414	34	90
1258	400	31	103
1277	393	24	111
1255	400	28	105
1257	409	28	95
1241	418	34	84
1245	423	35	80
1250	421	30	79
1255	402	25	92
1251	397	28	97
1251	413	32	92
1251	413	32	92
1264	396	33	83
1264	396	33	83
1264	396	33	83
1264	396	33	83
1241	387	40	79
1113	367	47	75
1113	367	47	75
1113	367	47	75
1113	367	47	75
1113	367	47	75
1131	374	56	73
1032	358	51	67
1141	375	67	80
1151	374	78	95
1224	387	88	101
1225	361	78	113
1225	361	78	113
1225	361	78	113
1179	360	94	115
1165	372	102	137
1169	373	93	135
1175	374	89	135
1235	360	84	121
1248	357	69	116
1214	373	73	133
1208	381	68	126
1209	379	65	133
1209	380	68	130
1215	380	65	131
1219	380	57	130
1227	380	51	132
1232	376	48	135
1234	378	48	138
1233	379	51	134
1237	374	54	139
1246	366	65	122
1243	374	62	124
1227	379	59	130
1230	379	52	129
1239	378	43	135
1248	374	39	139
1239	383	39	130
1247	380	33	131
1248	387	28	121
1253	410	30	123
1252	535	29	123
1252	535	29	123
1252	535	29	123
1242	408	34	108
1242	408	34	108
1255	392	24	125
1265	380	24	128
1246	357	29	133
1243	350	35	129
1237	356	44	113
1238	359	46	110
1238	359	46	110
1232	351	48	93
1232	351	48	93
1235	364	59	84
1235	364	59	84
1101	365	64	96
940	345	78	89
1102	366	70	99
964	351	82	92
