2.115710
0.046429
0.033292
0.033789
0.033002
0.032923
0.032185
0.032610
0.033195
0.032772
0.152268
0.046237
0.034209
0.032880
0.033701
0.032816
0.032931
0.032933
0.032753
0.033461
0.150837
0.046961
0.032832
0.033945
0.033020
0.032706
0.033752
0.033030
0.033744
0.032982
0.151624
0.046072
0.033312
0.033548
0.032563
0.033637
0.032964
0.034662
0.032856
0.033619
0.151915
0.047032
0.033559
0.032884
0.151611
0.046698
0.033283
0.032982
0.033633
0.032818
0.151294
0.046419
0.034212
0.032709
0.033135
0.033883
0.033286
0.033576
0.033158
0.033538
0.150728
0.040315
0.032616
0.033207
0.032873
0.033087
0.032917
0.032624
0.033153
0.033341
0.151680
0.046431
0.032946
0.032622
0.033778
0.033054
0.032525
0.033297
0.032880
0.032486
0.133040
0.046514
0.033361
0.032690
0.033380
0.033037
0.032714
0.033461
0.014779
0.032771
0.151690
0.028433
0.015275
0.015506
0.033213
0.014821
0.014993
0.032800
0.032526
0.015059
0.132963
0.046774
0.032747
0.014944
0.014933
0.015056
0.032669
0.033418
0.033244
0.032938
0.133199
0.028357
0.032450
0.015323
0.033776
0.015102
0.033530
0.014853
0.015005
0.015102
0.133361
0.028503
0.014932
0.016416
0.015175
0.014569
0.014837
0.014865
0.014753
0.015036
0.133509
0.021508
0.014984
0.014954
0.015123
0.014872
0.014875
0.015024
0.014826
0.014885
0.133068
0.021375
0.033028
0.033269
0.033871
0.033072
0.033257
0.034034
0.033420
0.034748
0.151873
0.040666
0.033603
0.033998
0.033472
0.033059
0.033765
0.033724
0.033793
0.033137
0.151592
0.040203
0.033799
0.033179
0.033280
0.033668
0.032757
0.032957
0.033166
0.151368
0.158369
0.040957
0.033330
0.034652
0.033145
0.032829
0.033799
0.032738
0.033824
0.033838
0.151440
0.039681
0.033366
0.033266
0.033379
0.033416
0.032848
0.033338
0.033796
0.033775
0.151708
0.040298
0.034437
0.151880
0.039999
0.151721
0.157215
0.158718
0.040415
0.033212
0.150919
0.039069
0.151383
0.038715
0.033117
0.152125
0.040757
0.151134
0.159687
0.157897
0.157426
0.158138
0.039975
0.151486
0.047604
0.151762
0.039577
0.032915
0.033573
0.032905
0.151178
0.039058
0.033930
0.032925
0.033169
0.033494
0.032934
0.033201
0.032720
0.032928
0.151238
0.039882
0.033280
0.033031
0.033781
0.033004
0.032763
0.033027
0.032790
0.033544
0.151055
0.035045
0.033141
0.033770
0.032730
0.032795
0.033130
0.032697
0.034189
0.032892
0.151616
0.039678
0.032887
0.150791
0.040593
0.033101
0.033145
0.035632
0.033064
0.033891
0.151056
0.040051
0.032967
0.034017
0.032938
0.151452
0.039849
0.033297
0.033340
0.151300
0.158058
0.039634
0.033483
0.033705
0.033284
0.033183
0.033622
0.034039
0.034420
0.032970
0.151500
0.039796
0.033445
0.032961
0.032877
0.033229
0.032887
0.033218
0.032905
0.033126
0.151370
0.039551
0.033309
0.033226
0.033511
0.033074
0.033113
0.033559
0.033253
0.033944
0.152456
0.039999
0.033149
0.151572
0.034898
0.033778
0.035929
0.033739
0.033364
0.032830
0.151348
0.039746
0.032917
0.032944
0.033296
0.033216
0.033246
0.032940
0.033131
0.033489
0.150522
0.164521
0.046132
0.032908
0.033389
0.033451
0.032942
0.033294
0.033146
0.032800
0.151614
0.045771
0.032299
0.033291
0.033513
0.032949
0.033519
0.151873
0.167125
0.046180
0.151556
0.046454
0.033334
0.033145
0.151740
0.164443
0.045864
0.033666
0.034057
0.032912
0.152148
0.046113
0.034173
0.151672
0.159187
0.046890
0.034317
0.034027
0.033466
0.033757
0.155011
0.046703
0.036905
0.035500
0.153795
0.046253
0.034574
0.036326
0.035682
0.152845
0.164171
0.165081
0.163932
0.163944
0.046471
0.035277
0.035857
0.036047
0.033738
0.035992
0.150910
0.045428
0.033382
0.033853
0.033591
0.034085
0.153884
0.046814
0.036785
0.036769
0.153562
0.046417
0.036015
0.036664
0.015415
0.032896
0.033608
0.035661
0.035303
0.035676
0.134940
0.047187
0.154365
0.046843
0.153830
0.045840
0.037339
0.035713
0.034212
0.033313
0.151679
0.045529
0.033225
0.035886
0.035119
0.036097
0.035830
0.037404
0.035730
0.035485
0.154516
0.047496
0.033105
0.032574
0.153483
0.046746
0.036100
0.035521
0.035825
0.034997
0.153230
0.048136
0.017410
0.016397
0.016397
0.016326
0.016613
0.016496
0.016462
0.016466
0.134512
0.028235
0.016446
0.016406
0.017091
0.016578
0.016534
0.016290
0.017561
0.016585
0.134727
0.027923
0.016755
0.016707
0.016631
0.035139
0.034896
0.035582
0.036263
0.035583
0.135103
0.046270
0.034647
0.034698
0.037448
0.034887
0.035866
0.037168
0.035699
0.035110
0.153667
0.045280
0.035542
0.153427
0.047173
0.034649
0.035249
0.034639
0.034270
0.034938
0.152582
0.045977
0.034889
0.034868
0.034549
0.035249
0.035270
0.034330
0.035734
0.034415
0.153069
0.045966
0.035008
0.152705
0.164147
0.046959
0.035035
0.035115
0.035109
0.034111
0.152161
0.046865
0.034790
0.034511
0.016450
0.035636
0.016101
0.016166
0.016823
0.034456
0.153226
0.028413
0.016320
0.016493
0.016313
0.034388
0.153477
0.046005
0.035239
0.034734
0.152718
0.028160
0.018710
0.036002
0.035332
0.036413
0.035470
0.153897
0.045880
0.036010
0.153698
0.046570
0.034954
0.036169
0.034540
0.034739
0.035021
0.034669
0.035208
0.034819
0.154175
0.045943
0.036086
0.034697
0.035495
0.035014
0.034971
0.035265
0.034851
0.036260
0.152680
0.028476
0.016287
0.034418
0.016444
0.034646
0.034595
0.035627
0.034930
0.035813
0.152855
0.028400
0.152812
0.028451
0.153019
0.028461
0.034873
0.034078
0.035300
0.034244
