2.137878
0.051392
0.034535
0.032662
0.032482
0.033125
0.032593
0.032566
0.033207
0.032768
0.151212
0.050600
0.033230
0.033783
0.032792
0.033502
0.032660
0.032627
0.033179
0.032775
0.150968
0.051113
0.034045
0.033197
0.032554
0.033369
0.032044
0.032621
0.032966
0.032688
0.151312
0.051082
0.034937
0.045017
0.032856
0.032788
0.032617
0.033779
0.032738
0.032556
0.152109
0.045682
0.034190
0.032480
0.032630
0.032993
0.032398
0.033568
0.033071
0.032430
0.152078
0.045212
0.033641
0.032457
0.032483
0.033463
0.032556
0.033631
0.033370
0.033185
0.151371
0.052638
0.033302
0.032554
0.033130
0.033196
0.033101
0.033199
0.032596
0.032782
0.151447
0.045240
0.033153
0.032339
0.032393
0.032902
0.032783
0.032736
0.033554
0.033015
0.152630
0.045532
0.033680
0.032521
0.033048
0.033166
0.033053
0.033841
0.032823
0.032972
0.152000
0.045950
0.033801
0.032798
0.032470
0.033772
0.032787
0.033257
0.033657
0.032660
0.152360
0.052500
0.033893
0.032584
0.032473
0.032650
0.032602
0.033617
0.032756
0.032989
0.152797
0.057822
0.039519
0.033815
0.033311
0.032593
0.032435
0.033650
0.032845
0.032601
0.150690
0.044123
0.033481
0.032957
0.033407
0.033581
0.032746
0.033845
0.033627
0.033194
0.152664
0.051547
0.033998
0.034163
0.033595
0.032031
0.031843
0.032425
0.032475
0.032063
0.150955
0.051647
0.033502
0.031850
0.031789
0.032252
0.031989
0.032164
0.032434
0.032190
0.150148
0.043878
0.033165
0.032403
0.032288
0.032892
0.032051
0.032244
0.032972
0.032013
0.149877
0.051316
0.032368
0.033380
0.036457
0.032935
0.031932
0.032421
0.032630
0.032305
0.150114
0.046262
0.034022
0.033432
0.032819
0.033071
0.032979
0.032696
0.033679
0.032763
0.151473
0.052717
0.032813
0.034687
0.032777
0.032906
0.033277
0.032665
0.033954
0.032882
0.150686
