540	313	345	265
557	317	332	246
564	320	334	253
561	333	343	242
558	325	335	249
558	316	340	265
558	343	334	236
563	351	324	223
565	345	321	237
559	324	332	248
548	320	383	254
547	327	366	246
555	335	331	237
553	324	345	243
568	346	313	226
559	359	319	210
566	336	315	245
556	350	326	216
551	332	346	233
553	344	333	238
548	333	331	230
548	345	331	219
548	330	359	237
550	352	330	228
550	330	335	242
544	338	358	225
542	344	380	226
543	336	338	228
547	335	335	235
546	337	346	231
549	351	335	227
546	345	335	223
549	348	339	221
557	326	318	243
540	332	337	226
548	338	326	235
553	332	327	248
540	328	362	240
546	322	333	262
535	337	377	252
542	293	349	274
529	308	389	242
541	321	347	266
534	336	362	236
540	322	344	255
539	311	346	268
543	325	337	237
533	318	346	246
537	330	342	229
536	327	337	235
535	312	362	268
530	324	345	240
538	322	334	246
534	336	347	230
536	356	359	232
536	335	326	231
543	352	332	241
544	330	319	237
539	335	328	228
541	348	331	226
539	355	324	227
533	336	332	232
535	335	332	226
534	332	335	234
532	328	352	250
537	329	328	244
532	326	327	236
537	329	322	240
534	330	352	247
532	347	341	228
529	341	361	232
520	341	359	222
522	348	352	225
529	320	334	240
525	338	331	225
523	338	341	228
530	328	333	260
525	325	352	244
521	332	337	239
523	337	360	226
520	333	356	244
526	354	337	225
527	327	326	250
523	316	329	253
523	347	327	225
528	345	323	233
518	337	336	240
517	339	336	229
514	355	349	218
517	326	342	247
512	340	347	232
516	339	340	243
504	329	343	229
518	332	331	240
517	327	321	236
515	333	325	245
508	341	361	246
520	329	328	258
511	327	325	243
510	327	331	250
510	332	334	244
508	324	351	258
508	314	340	271
505	317	356	262
505	329	375	279
494	331	383	252
501	342	365	237
497	340	378	232
505	346	372	231
501	362	345	222
500	341	339	227
505	334	333	240
498	342	345	231
499	329	356	243
502	331	357	263
491	324	375	259
485	324	387	248
496	332	345	260
487	318	349	245
489	324	342	247
496	330	347	250
494	344	332	229
487	354	341	213
484	350	344	222
480	322	360	247
486	335	336	234
489	344	345	236
485	341	358	241
483	340	350	241
470	348	368	233
486	332	350	257
484	337	352	238
474	331	374	253
483	334	347	239
473	329	358	243
471	321	354	271
475	318	363	273
465	322	381	251
458	331	385	254
458	342	374	239
467	344	351	238
458	339	366	237
465	336	368	244
462	330	358	250
467	336	342	249
458	338	360	236
465	342	351	241
458	325	345	252
465	332	353	252
463	337	366	253
452	315	360	262
456	327	366	250
451	344	372	240
447	345	364	243
448	325	371	259
442	325	370	261
445	328	368	261
445	316	369	265
448	331	362	252
446	330	363	250
443	342	365	234
440	325	365	248
456	337	354	247
435	314	372	270
433	319	393	268
440	309	372	276
450	319	358	266
442	328	366	260
436	316	375	278
439	313	365	281
437	320	376	273
439	311	354	275
443	311	359	272
433	319	370	272
438	313	360	280
438	311	357	277
429	322	373	268
429	317	369	282
430	308	369	287
415	312	377	264
417	312	379	277
419	310	382	267
416	313	375	272
418	304	377	280
417	310	386	276
431	312	370	283
421	318	372	274
412	309	386	286
421	307	381	286
414	312	389	289
416	306	388	288
412	296	386	299
413	300	385	279
413	299	386	294
406	294	401	295
410	292	397	297
408	299	381	301
406	293	393	305
406	304	389	293
404	314	387	289
401	310	403	283
394	303	404	277
406	304	383	289
403	295	391	301
387	301	414	293
402	299	389	304
403	296	386	302
403	282	386	302
394	297	398	308
393	296	402	302
396	301	399	291
394	308	401	298
397	304	401	287
382	295	413	296
390	291	410	318
396	281	404	312
398	288	385	299
388	302	403	299
388	296	418	302
407	302	383	316
388	292	410	315
388	294	402	304
380	296	404	298
395	302	399	309
379	296	414	301
376	293	425	315
387	286	418	310
387	290	405	315
367	298	418	301
371	285	419	319
373	290	416	319
360	278	420	325
387	284	407	324
370	284	433	330
366	283	424	324
367	288	422	320
392	290	397	320
380	295	406	317
355	291	418	299
374	283	409	309
389	302	398	310
355	283	440	330
363	297	420	300
352	284	433	324
367	290	426	321
354	286	437	319
370	293	425	328
361	271	422	335
370	295	433	319
371	296	433	312
375	279	448	338
377	281	443	322
393	295	431	337
385	277	430	317
407	287	411	339
394	279	440	341
387	283	468	346
385	279	452	329
390	295	459	319
392	292	464	320
393	281	466	335
408	275	449	330
423	301	451	321
433	296	445	316
444	282	446	324
449	278	446	322
435	284	464	329
453	267	458	342
436	267	454	329
445	272	460	339
435	277	474	330
436	271	475	341
421	240	490	362
435	301	487	337
431	274	489	332
436	259	473	344
431	241	454	346
431	254	475	348
426	282	476	341
430	270	470	353
432	259	480	356
405	265	496	335
425	272	483	362
445	267	463	339
430	254	478	340
434	250	463	351
448	255	438	356
418	264	493	351
427	265	500	376
428	255	497	375
464	239	485	363
478	246	470	379
480	232	486	361
496	238	475	372
507	272	492	352
508	245	469	384
508	262	500	371
498	250	488	362
508	271	489	355
499	251	481	373
494	265	499	357
507	251	469	378
486	283	505	328
489	279	500	339
513	263	494	360
523	246	492	375
527	254	518	395
562	236	486	395
561	252	512	377
585	254	498	360
590	251	503	365
584	250	497	369
575	267	520	363
558	268	519	352
576	248	492	377
590	249	479	376
594	229	464	405
556	275	524	356
554	253	520	375
528	238	548	398
565	213	511	406
537	231	526	405
542	213	527	410
531	197	519	432
517	238	550	394
545	224	519	433
517	240	558	401
518	239	549	392
517	250	546	420
517	229	564	421
501	235	573	426
506	240	562	413
518	214	553	444
521	211	529	429
515	239	529	409
492	241	580	418
508	228	553	430
507	275	552	384
502	227	559	428
477	232	601	420
462	239	608	422
479	233	595	424
484	215	584	456
491	209	555	435
481	208	581	445
469	259	575	396
462	223	598	443
461	207	611	454
441	248	619	413
466	246	593	430
475	226	569	447
491	244	573	422
477	231	588	445
465	221	607	457
478	190	609	493
491	194	586	488
481	219	600	462
478	208	623	484
471	199	636	478
475	200	626	465
468	217	638	457
469	224	622	442
496	217	591	453
505	199	555	484
511	190	559	450
498	204	584	443
497	210	579	440
513	201	544	427
509	257	554	381
541	210	499	422
515	215	513	395
535	239	478	347
522	225	481	367
519	223	487	367
522	215	456	365
494	208	486	353
494	196	470	360
527	201	419	343
525	218	409	335
518	227	417	323
516	217	413	316
524	222	400	321
527	211	396	323
518	225	402	313
517	219	406	313
520	223	412	324
526	230	411	340
509	216	426	325
518	232	421	328
491	207	453	347
523	220	427	344
514	199	414	341
522	214	420	330
516	214	429	354
517	200	427	372
507	204	453	360
479	212	482	351
465	203	497	359
479	199	483	363
427	189	544	363
431	187	538	355
413	240	548	341
485	194	483	385
502	176	459	382
449	208	536	364
453	213	527	371
488	184	488	380
481	192	486	385
508	199	468	398
438	189	525	387
430	200	531	366
419	197	548	376
394	198	576	358
385	210	591	375
391	218	570	361
401	193	554	388
383	193	590	388
376	214	600	377
392	185	579	400
379	232	599	349
383	186	597	387
389	202	582	384
383	181	603	410
396	172	603	408
393	185	575	384
394	197	567	380
366	190	602	385
371	203	604	361
369	212	583	355
359	176	600	386
374	163	581	394
377	175	557	379
384	172	550	375
405	162	535	371
414	167	511	362
415	176	505	353
398	179	510	343
429	154	479	367
426	153	479	366
427	172	485	331
444	173	456	324
439	177	461	325
432	192	470	294
442	182	447	300
439	187	451	292
435	207	444	271
438	212	454	267
447	200	424	275
450	193	421	280
451	197	396	271
443	202	414	263
460	204	382	270
458	195	384	264
463	203	382	250
451	210	381	233
451	216	375	253
453	219	355	224
451	226	357	226
445	240	348	208
452	224	337	219
449	236	346	213
440	219	354	212
453	225	347	213
467	236	317	209
484	222	304	214
494	233	299	227
507	222	284	212
494	225	300	213
502	234	300	198
512	223	273	207
502	229	287	204
505	232	278	201
510	222	271	196
508	217	259	208
502	223	272	198
502	234	282	202
497	248	284	171
497	222	279	198
503	227	286	211
500	215	286	210
484	213	309	207
494	220	291	211
497	212	301	205
496	218	305	207
493	217	327	212
491	212	312	209
494	233	328	199
484	210	326	209
487	210	312	229
479	214	326	210
480	205	319	216
491	202	304	217
489	191	323	229
496	211	371	229
497	195	410	238
503	200	418	247
506	213	403	222
510	239	425	197
511	283	420	167
539	288	365	150
553	289	354	139
573	286	353	153
597	281	356	164
612	272	346	166
635	279	326	166
648	278	330	159
657	288	370	157
667	276	369	161
673	296	398	151
688	293	403	153
695	274	399	170
699	277	397	177
696	286	399	175
707	284	394	179
698	276	416	174
691	264	427	179
711	269	387	190
705	269	412	187
695	266	437	187
699	262	419	189
692	269	421	190
703	268	411	189
678	259	397	187
649	260	429	203
624	251	466	210
607	265	507	205
600	261	476	223
603	265	470	204
585	259	437	217
588	260	417	219
569	260	400	208
569	260	378	218
574	266	401	215
547	267	437	215
537	266	416	222
529	255	433	239
507	264	433	231
519	280	422	220
517	284	412	217
514	259	402	243
483	262	461	247
498	273	483	236
490	258	468	258
515	275	428	242
514	269	428	251
502	266	434	258
500	293	439	228
500	318	446	208
468	291	477	232
459	308	472	222
453	301	488	234
367	260	572	270
360	267	594	262
302	256	656	291
288	275	665	259
268	253	674	291
303	275	645	273
246	258	713	286
230	268	724	269
224	313	750	215
236	325	734	208
232	289	722	257
157	245	770	301
174	273	740	265
163	275	794	270
165	256	759	282
174	275	790	261
169	250	780	293
184	269	768	273
183	273	766	266
169	276	721	260
185	282	762	247
179	290	776	263
170	279	781	258
186	287	771	237
167	268	789	262
170	288	787	257
165	281	789	250
173	276	782	255
185	282	769	246
191	284	763	246
190	284	739	233
223	297	685	234
241	296	595	218
246	298	536	227
269	304	516	225
278	317	512	202
275	297	469	221
291	290	426	232
311	310	388	203
324	311	407	211
323	314	405	204
324	295	408	223
334	316	400	195
336	304	406	211
331	326	423	192
339	308	420	205
338	331	403	184
340	325	404	187
330	318	415	187
325	326	383	184
320	329	418	174
299	331	434	173
296	335	436	175
294	326	426	186
280	331	437	174
280	329	450	165
283	331	451	163
292	338	436	157
275	330	448	165
295	336	431	163
291	329	431	170
299	338	417	157
292	336	417	161
274	341	426	158
261	324	447	174
276	286	431	197
277	268	449	207
274	310	434	199
276	240	478	255
315	244	468	202
284	251	493	217
269	278	510	195
310	261	521	191
296	244	488	204
305	254	490	203
299	242	491	187
319	269	458	251
314	233	456	220
386	297	545	239
312	268	638	235
291	290	661	186
256	263	692	234
260	257	682	246
257	270	698	282
218	253	746	302
242	240	713	239
256	265	713	315
270	233	694	334
266	119	682	353
322	212	636	355
278	245	672	344
343	212	612	381
343	205	606	372
273	210	677	340
239	224	708	337
320	210	627	298
379	235	577	388
392	231	557	375
322	257	625	324
