2.118340
0.040107
0.033332
0.034131
0.033194
0.033023
0.032810
0.033118
0.033868
0.032828
0.151746
0.038662
0.033421
0.033719
0.033549
0.033087
0.032863
0.033570
0.033277
0.035008
0.151386
0.039452
0.033530
0.033516
0.033008
0.032800
0.033902
0.032871
0.033883
0.032697
0.151018
0.034352
0.033201
0.032921
0.034334
0.034067
0.033054
0.034455
0.032676
0.033060
0.152163
0.039639
0.034168
0.032611
0.033822
0.033175
0.033856
0.033023
0.033158
0.033868
0.151221
0.038155
0.032576
0.033804
0.032994
0.033575
0.032873
0.032962
0.034077
0.033351
0.152189
0.046367
0.033012
0.033017
0.034206
0.032367
0.033470
0.032999
0.032927
0.035514
0.152136
0.045017
0.034906
0.033225
0.033186
0.033813
0.033409
0.033486
0.032992
0.033903
0.151369
0.047764
0.032719
0.034791
0.033047
0.033006
0.035570
0.033076
0.034128
0.032980
0.151705
0.038857
0.034116
0.033177
0.032986
0.036063
0.033115
0.033178
0.033215
0.033529
0.151399
0.040230
0.032992
0.032961
0.034177
0.032563
0.033451
0.032665
0.033091
0.033089
0.151074
0.038511
0.033044
0.034036
0.033049
0.033716
0.033885
0.032876
0.032590
0.033123
0.151434
0.039116
0.033702
0.032950
0.034111
0.032977
0.033844
0.033715
0.032962
0.033558
0.151350
0.039241
0.033048
0.033892
0.032949
0.033387
0.033505
0.032813
0.033560
0.032545
0.150902
0.038868
0.033726
0.032877
0.032979
0.033441
0.033368
0.034878
0.033015
0.034588
0.151212
0.046805
0.032968
0.033364
0.032866
0.032909
0.033184
0.032856
0.033711
0.032763
0.151288
0.045882
0.033832
0.033128
0.033038
0.034135
0.032761
0.034589
0.032817
0.034169
0.150535
0.039924
0.032671
0.032913
0.033190
0.032745
0.033731
0.032644
0.033654
0.032895
0.150781
0.046088
0.032919
0.032896
0.032713
0.033741
0.032537
0.033756
0.032187
0.032527
0.150141
0.045292
0.032890
0.032388
0.034030
0.032863
0.033849
0.033443
0.032928
0.033356
0.151011
0.038535
0.033217
0.033599
0.033197
0.033810
0.032677
0.032735
0.033244
0.033104
0.152126
0.038566
0.033553
0.034460
0.034182
0.032428
0.032477
0.032485
0.032574
0.033355
0.150871
0.039371
0.035283
0.034229
0.032881
0.032594
0.032708
0.032885
0.033148
0.032485
0.150799
0.039493
0.034103
0.032521
0.032245
0.032930
0.032767
0.033459
0.032599
0.033077
0.151451
0.035675
0.032610
0.032761
0.032953
0.032708
0.036004
0.035550
0.038538
0.039153
0.151062
0.038950
0.034047
0.032936
0.033083
0.033410
0.033213
0.034144
0.033338
0.033760
0.151533
0.047400
0.033304
0.033703
0.032896
0.032753
0.033362
0.032939
0.034010
0.033897
0.151389
0.045118
0.033567
0.032649
0.032775
0.033492
0.032750
0.034046
0.033054
0.033102
0.151272
0.040783
0.033414
0.032396
0.032053
0.032947
0.033429
0.036101
0.037264
0.036034
0.171387
0.036568
0.035234
0.035284
0.039497
0.031707
0.033284
0.032526
0.032452
0.032937
0.149599
0.039439
0.032623
0.034449
0.033140
0.034035
0.032813
0.033195
0.033390
0.032892
0.151764
0.038259
0.034563
0.033052
0.035882
0.033314
0.033259
0.032573
0.033371
0.034042
0.150616
0.045694
0.033086
0.033537
0.032797
0.033938
0.033073
0.032806
0.033443
0.033461
0.154266
0.038201
0.033255
0.033121
0.034009
0.032921
0.033258
0.033128
0.033265
0.033616
0.151285
0.044647
0.032991
0.033766
0.032697
0.033597
0.033098
0.032842
0.033329
0.033164
0.153432
0.044672
0.033475
0.033093
0.034292
0.032779
0.032859
0.033362
0.032591
0.034334
0.151092
0.045250
0.032628
0.033784
0.032871
0.032969
0.033376
0.032832
0.033955
0.033334
0.152461
0.038015
0.035442
0.033067
0.034038
0.032473
0.032783
0.035059
0.033003
0.033649
0.150526
0.038854
0.032939
0.033774
0.032976
0.032997
0.033858
0.033034
0.033896
0.033104
0.151249
0.033513
0.033632
0.032867
0.033233
0.033415
0.033029
0.033218
0.032795
0.033977
0.150892
0.045565
0.032816
0.033984
0.033154
0.032730
0.033117
0.033022
0.033724
0.033070
0.151373
0.039740
0.034190
0.033273
0.033080
0.033173
0.033163
0.033331
0.032813
0.034064
0.151355
0.038971
0.033109
0.034370
0.033326
0.032848
0.033672
0.032939
0.034041
0.033254
0.152210
0.044422
0.033853
0.033242
0.033330
0.032688
0.033012
0.033525
0.033785
0.033483
0.151148
0.039268
0.032889
0.033893
0.032972
0.032942
0.033452
0.033494
0.034111
0.034766
0.151583
0.038241
0.033759
0.032881
0.032832
0.033297
0.033730
0.033681
0.033626
0.033771
0.151476
0.039164
0.033262
0.033218
0.033443
0.033460
0.033699
0.033235
0.034258
0.033327
0.151063
0.044363
0.033801
0.033361
0.033480
0.034499
0.032499
0.034631
0.033652
0.033121
0.150665
0.038949
0.033446
0.033426
0.034514
0.034586
0.034046
0.032537
0.033314
0.032784
0.151352
0.044451
0.033926
0.033197
0.033986
0.033036
0.032859
0.033428
0.033205
0.034873
0.153227
0.037048
0.033766
0.035455
0.032830
0.033559
0.033390
0.033133
0.033299
0.033283
0.152082
0.044408
0.034268
0.033555
0.034319
0.033187
0.033321
0.033591
0.033715
0.033782
0.151484
0.038940
0.033113
0.034009
0.032929
0.033216
0.033115
0.032880
0.033576
0.032887
0.151163
0.038587
0.034092
0.032620
0.032787
0.034314
0.032895
0.033514
0.032766
0.033334
0.150823
0.046689
0.033011
0.036210
0.032731
0.033199
0.033184
0.032887
0.153161
0.038301
0.151305
0.046580
0.038683
0.034158
0.033195
0.034068
0.033468
0.033027
0.033565
0.033175
0.152711
0.038262
0.150462
0.038668
0.035143
0.033163
0.034671
0.033420
0.033981
0.033691
0.152119
0.038863
0.034204
0.033584
0.033165
0.034051
0.033258
0.034607
0.033308
0.035277
0.151971
0.047729
0.033425
0.035132
0.033614
0.033320
0.034422
0.033196
0.034206
0.033013
0.153369
0.038162
0.034384
0.033088
0.035535
0.033811
0.035220
0.033173
0.033911
0.151702
0.164156
0.038865
0.034916
0.033657
0.034194
0.033399
0.033625
0.034046
0.033403
0.034560
0.151845
0.045075
0.033870
0.034199
0.033425
0.034118
0.033696
0.033623
0.033891
0.033237
0.152548
0.035884
0.033149
0.033184
0.033881
0.033407
0.034587
0.033329
0.033495
0.033336
0.151630
0.044198
0.034630
0.033258
0.033215
0.033401
0.033234
0.034033
0.034959
0.033624
0.150939
0.045743
0.032875
0.033590
0.033133
0.033763
0.033494
0.033813
0.035479
0.033458
