2.107120
0.033899
0.034148
0.034317
0.033900
0.035344
0.034234
0.033989
0.034379
0.033803
0.152774
0.034696
0.034095
0.035424
0.033725
0.033964
0.036813
0.033705
0.034056
0.033683
0.153176
0.036402
0.034009
0.034118
0.034070
0.033582
0.034163
0.033814
0.033919
0.033567
0.152052
0.034771
0.033500
0.033768
0.033935
0.034105
0.034580
0.033520
0.033040
0.033190
0.150703
0.034101
0.033088
0.033437
0.034969
0.032856
0.033760
0.032882
0.033656
0.032799
0.150458
0.033680
0.033285
0.032748
0.032702
0.033183
0.033265
0.032508
0.032614
0.033214
0.151737
0.034460
0.032655
0.033370
0.032700
0.032933
0.033551
0.032985
0.033441
0.033035
0.151025
0.033153
0.033286
0.033470
0.033131
0.033181
0.033351
0.033571
0.034310
0.032617
0.152129
0.034366
0.033445
0.034095
0.033549
0.033926
0.034237
0.033762
0.034327
0.033661
0.152353
0.034404
0.033480
0.033211
0.033389
0.033211
0.033829
0.033163
0.033888
0.033145
0.150978
0.033951
0.032676
0.033994
0.033679
0.033049
0.033973
0.033201
0.033082
0.033626
0.151286
0.033402
0.033195
0.033207
0.033843
0.033337
0.033792
0.033208
0.033207
0.033878
0.150414
0.033354
0.034247
0.033139
0.033510
0.033695
0.033444
0.033163
0.033320
0.033950
0.150671
0.032591
0.034376
0.033295
0.033897
0.033328
0.034150
0.033799
0.033075
0.034064
0.151585
0.033453
0.034628
0.033953
0.034561
0.032971
0.035155
0.033740
0.033702
0.033981
0.152020
0.033891
0.033492
0.033463
0.034405
0.033789
0.034384
0.033379
0.033937
0.033756
0.151629
0.033766
0.033798
0.033489
0.033511
0.033962
0.034890
0.033514
0.034419
0.033872
0.152238
0.035140
0.033586
0.033961
0.033566
0.033575
0.033576
0.033568
0.033929
0.033689
0.154992
0.034889
0.033747
0.034211
0.033739
0.034122
0.033686
0.033787
0.034163
0.033937
0.152796
0.033591
0.033828
0.035032
0.034658
0.034078
0.033844
0.034238
0.034605
0.033815
0.152200
0.034674
0.033899
0.034389
0.033376
0.034198
0.033649
0.033924
0.035568
0.033617
0.152557
0.033279
0.033511
0.034729
0.033395
0.035243
0.033982
0.033326
0.033812
0.033821
0.152275
0.033671
0.034126
0.034253
0.034174
0.034420
0.033643
0.035872
0.034622
0.034405
0.154286
0.034936
0.035078
0.033879
0.033865
0.033786
0.033457
0.035184
0.033919
0.034089
0.151426
0.033319
0.035004
0.034690
0.033821
0.033353
0.033327
0.033984
0.033651
0.034447
0.151831
0.034269
0.034293
0.033188
0.033704
0.033527
0.033235
0.033909
0.033834
0.034559
0.151356
0.033414
0.033772
0.033415
0.034782
0.035806
0.034893
0.034149
0.033156
0.033733
0.150918
0.034054
0.033612
0.034154
0.033791
0.033600
0.033551
0.033433
0.033341
0.034704
0.151924
0.033730
0.034134
0.033585
0.034525
0.034261
0.034446
0.033772
0.034025
0.033780
0.150946
0.034189
0.033507
0.035416
0.034085
0.034249
0.034483
0.034193
0.034439
0.033684
0.152860
0.035016
0.034157
0.033910
0.035192
0.033854
0.034333
0.033278
0.034162
0.032795
0.153123
0.034699
0.034118
0.034048
0.033248
0.034431
0.033882
0.034416
0.034948
0.033962
0.151617
0.035090
0.034435
0.035201
0.034183
0.034663
0.034066
0.034267
0.034754
0.034050
0.154235
0.034084
0.033888
0.034983
0.033925
0.034548
0.034111
0.034609
0.034018
0.034285
0.153145
0.033985
0.034122
0.034032
0.033921
0.034718
0.034378
0.034400
0.034122
0.034187
0.152169
0.033958
0.034571
0.033922
0.033726
0.034023
0.033990
0.034988
0.034271
0.034623
0.152605
0.034930
0.035049
0.034011
0.034078
0.033746
0.034082
0.033689
0.034254
0.034801
0.152335
0.034341
0.036858
0.034160
0.034497
0.034197
0.034593
0.034251
0.034152
0.034549
0.151584
0.034982
0.034877
0.034427
0.034732
0.033664
0.034413
0.035754
0.034079
0.033855
0.152638
0.034066
0.033681
0.033994
0.034808
0.034078
0.034976
0.034086
0.034686
0.033831
0.151601
0.034566
0.034029
0.034317
0.034807
0.033960
0.034371
0.033827
0.034209
0.034852
0.152658
0.034362
0.033686
0.033882
0.034598
0.034355
0.034387
0.033768
0.034647
0.033869
0.151676
0.033648
0.034234
0.033975
0.035249
0.034160
0.034548
0.034318
0.033876
0.034585
0.152126
0.034308
0.034211
0.033642
0.033979
0.033339
0.033908
0.033683
0.033846
0.033304
0.151659
0.034113
0.032784
0.033777
0.033321
0.033882
0.033769
0.033776
0.034100
0.033441
0.151736
0.033406
0.033581
0.033604
0.033748
0.034484
0.033037
0.033665
0.033548
0.034017
0.151451
0.033415
0.034196
0.033453
0.033888
0.033543
0.034459
0.033593
0.033869
0.034644
0.152403
0.034022
0.034957
0.034863
0.034532
0.034557
0.034657
0.034729
0.033782
0.034503
0.152162
0.034647
0.034666
0.035133
0.035743
0.034160
0.035033
0.034722
0.035228
0.034645
0.152941
0.035281
0.034552
0.034624
0.035115
0.034851
0.035351
0.033704
0.035038
0.034906
0.151463
0.036049
0.034181
0.035517
0.034446
0.034752
0.034952
0.033585
0.035226
0.033883
0.151896
0.035546
0.035021
0.035042
0.033704
0.033949
0.035550
0.034139
0.034490
0.034151
0.152418
0.034599
0.034102
0.034797
0.034083
0.034033
0.034817
0.034696
0.034978
0.034368
0.151934
0.035080
0.034069
0.034673
0.034040
0.034333
0.034592
0.034234
0.035128
0.034067
0.152122
0.034950
0.033972
0.034724
0.034650
0.034346
0.034943
0.034442
0.035501
0.034258
0.152728
0.035369
0.042827
0.036430
0.034583
0.035578
0.035408
0.034544
0.035129
0.036209
0.152688
0.035686
0.034584
0.034905
0.034643
0.034693
0.035737
0.034351
0.034817
0.034430
0.152932
0.035286
0.035637
0.035212
0.034549
0.034620
0.035590
0.034736
0.034464
0.033669
0.151989
0.034431
0.034416
0.035776
0.034390
0.034580
0.035453
0.035101
0.035122
0.034499
0.152996
0.035080
0.034490
0.034546
0.035020
0.034700
0.035310
0.034190
0.035531
0.034669
0.153133
0.034963
0.034533
0.034600
0.034879
0.034461
0.035456
0.034805
0.034924
0.034307
0.152651
0.035865
0.034261
0.034680
0.034474
0.035373
0.034990
0.034075
0.034989
0.035073
0.152481
0.035362
0.034181
0.035098
0.034174
0.034679
0.035905
0.034311
0.034710
0.034725
0.154550
0.035196
0.034484
0.035110
0.034283
0.034420
0.035445
0.034911
0.034934
0.035306
0.151732
0.034278
0.033587
0.036267
0.033721
0.033248
0.034064
0.033741
0.034837
0.033833
0.152081
0.034323
0.033733
0.034598
0.034228
0.035391
0.034112
0.034160
0.034454
0.034282
0.153005
0.034592
0.034433
0.034587
0.034261
0.035415
0.034777
0.034612
0.034469
0.034318
0.153298
0.034006
0.034915
0.034607
0.034346
0.035400
0.034617
0.034932
0.033824
0.034080
0.154752
0.034191
0.034905
0.034580
0.034379
0.035504
0.034390
0.034847
0.034222
0.034613
0.152548
0.034152
0.034718
0.034291
0.034467
0.035161
0.034533
0.034931
0.034565
0.034584
0.153329
0.034245
0.034559
0.034255
0.034292
0.034412
0.034232
0.034727
0.034065
0.034726
0.153291
0.034552
0.035494
0.034318
0.034895
0.035805
0.034335
0.035152
0.034402
0.035010
0.153202
0.034476
0.034934
0.035550
0.035303
0.035407
0.034770
0.035443
0.034363
0.035102
0.153101
0.034610
0.036021
0.034497
0.034070
0.034657
0.033981
0.034912
0.034132
0.034624
0.152561
0.034258
0.034904
0.034659
0.034460
0.034166
0.034188
0.034984
0.034330
0.035756
0.152906
0.034179
0.034735
0.034173
0.035267
0.033692
0.033931
0.035902
0.034023
0.035907
0.154028
0.036077
0.034752
0.034051
0.035485
0.035309
0.035345
0.036287
0.034166
0.035799
0.152111
0.034533
0.034905
0.034420
0.034908
0.034585
0.034283
0.034998
0.034260
0.034691
0.152993
0.034086
0.034517
0.034307
0.034372
0.035443
0.034924
0.034717
0.034461
0.035921
0.152165
0.035368
0.035132
0.034134
0.034213
0.034398
0.035769
0.035074
0.034294
0.034839
0.152943
0.034339
0.034450
0.034365
0.034425
0.035436
0.034374
0.035871
0.033850
0.034657
0.152693
0.034459
0.034718
0.035417
0.035823
0.036191
0.035537
0.034917
0.034214
0.034118
0.153204
0.034341
0.035116
0.034458
0.034197
0.034999
0.034172
0.034567
0.034031
0.034276
0.152528
0.034226
0.034629
0.034409
0.034358
0.035656
0.033751
0.034442
0.033868
0.034626
0.151496
0.033702
0.034595
0.033589
0.033788
0.033785
0.033693
0.034487
0.033877
0.033935
0.151407
0.033537
0.034581
0.033874
0.034163
0.033918
0.033762
0.034488
0.033935
0.034331
0.151513
0.034223
0.034248
0.033606
0.035816
0.033928
0.035680
0.034862
0.033738
0.035623
0.151838
0.033928
0.033502
0.033476
0.034263
0.033579
0.034081
0.034354
0.034000
0.033891
0.151427
0.034677
0.033842
0.034806
0.033935
0.034072
0.034763
0.033675
0.034328
0.033901
0.152004
0.034527
0.033832
0.034285
0.033768
0.034411
0.033569
0.033434
0.034167
0.034330
0.152114
0.033549
0.034483
0.035252
0.034141
0.035277
0.034389
0.034452
0.034608
0.034182
0.153086
0.034326
0.035039
0.035464
0.035032
0.034948
0.034293
0.034315
0.034556
0.034136
0.153367
0.035069
0.034230
0.035314
0.034578
0.034473
0.034215
0.034719
0.036285
0.035994
0.152886
0.034306
0.034171
0.036363
0.034314
0.035615
0.033509
0.034822
0.036411
0.034943
0.153625
0.035911
0.036099
0.035851
0.035362
0.034440
0.035826
0.035537
0.036474
0.035480
0.152636
0.035419
0.034289
0.035848
0.034173
0.034155
0.034896
0.035623
0.035964
0.035292
0.153555
0.035182
0.035593
0.036387
0.035748
0.035645
0.036594
0.034077
0.034532
0.035659
0.153805
0.036185
0.035372
0.034385
0.034298
0.035565
0.034738
0.035372
0.035671
0.035123
0.153334
0.035619
0.035532
0.035548
0.036778
0.035573
0.035784
0.035352
0.035530
0.036161
0.152448
0.036394
0.035335
0.034930
0.035706
0.034891
0.035474
0.034014
0.035150
0.035353
0.152664
0.035312
0.033679
0.035421
0.035552
0.034924
0.035843
0.035852
0.036286
0.035801
0.153673
0.035666
0.035048
0.034873
0.035339
0.034909
0.035108
0.035069
0.034938
0.035783
0.152446
0.035212
0.035662
0.033735
0.035473
0.035579
0.035426
0.035534
0.034878
0.035748
0.152768
0.035918
0.035738
0.035005
0.035526
0.035080
0.035998
0.035352
0.034735
0.035363
0.154404
0.034997
0.036957
0.035063
0.035348
0.035715
0.035119
0.035360
0.035282
0.034521
0.153260
0.034738
0.035091
0.035327
0.034969
0.035540
0.034804
0.035062
0.035309
0.034968
0.152730
0.036434
0.035397
0.035689
0.034561
0.035048
0.034605
0.035398
0.035643
0.035881
0.152997
0.035502
0.034921
0.035586
0.034968
0.034945
0.035503
0.034843
0.035458
0.035156
0.152180
0.035325
0.034889
0.035360
0.036052
0.035119
0.035773
0.035153
0.035312
0.035646
0.152713
0.035285
0.034816
0.034567
0.035220
0.034709
0.035739
0.036659
0.035426
0.035865
0.153477
0.035159
0.036734
0.035426
0.035828
0.035470
0.035778
0.035486
0.035015
0.036182
0.153788
0.035402
0.036286
0.035452
0.035669
0.035231
0.035300
0.035465
0.035529
0.036245
0.153728
0.035356
0.036647
0.035381
0.035771
0.035447
0.035260
0.035399
0.035377
0.036726
0.153524
0.035577
0.036387
0.035619
0.035803
0.035384
0.035508
0.036436
0.035317
0.037625
0.153603
0.035218
0.035736
0.035633
0.035233
0.036049
0.035199
0.035583
0.035267
0.035674
0.153262
0.036366
0.038501
0.034962
0.036210
0.035453
0.036596
0.035511
0.036732
0.035776
0.154829
0.035653
0.036869
0.035325
0.035425
0.036207
0.035241
0.035507
0.035141
0.035697
0.153543
0.036063
0.035790
0.035507
0.036081
0.036107
0.035359
0.035659
0.035103
0.035243
0.153566
0.035269
0.036061
0.034967
0.034924
0.036019
0.036078
0.035709
0.035440
0.035848
0.153431
0.035268
0.035499
0.035313
0.035164
0.036785
0.035130
0.035724
0.035446
0.035192
0.154070
0.036004
0.035414
0.036208
0.035649
0.035842
0.035521
0.035003
0.036059
0.035499
0.154059
0.035883
0.035166
0.035927
0.035519
0.035830
0.035688
0.035242
0.036449
0.035496
0.154060
0.036651
0.035881
0.035948
0.035027
0.035470
0.035985
0.035318
0.035505
0.035910
0.153675
0.036294
0.035485
0.035869
0.035181
0.035724
0.036051
0.035895
0.035727
0.035357
0.153793
0.035160
0.035135
0.035127
0.036288
0.034853
0.035718
0.035088
0.035555
0.035300
0.153460
0.035028
0.035248
0.034934
0.035857
0.035216
0.037411
0.035938
0.035432
0.037542
0.154646
0.035195
0.036859
0.034834
0.036595
0.035412
0.034967
0.035183
0.034936
0.035738
0.153538
0.036275
0.036310
0.034961
0.035280
0.034779
0.035015
0.034968
0.034959
0.035887
0.153593
0.034973
0.036232
0.035088
0.035566
0.035152
0.035115
0.035842
0.035116
0.036150
0.153277
0.035136
0.036400
0.035289
0.035189
0.034820
0.035553
0.035702
0.038815
0.040118
0.157161
0.038208
0.038858
0.038226
0.038265
0.039158
0.038514
0.038744
0.039099
0.038512
0.157064
0.039988
0.038867
0.036090
0.035759
0.035081
0.037333
0.035620
0.035923
0.035197
0.153834
0.035789
0.034944
0.035723
0.035023
0.034709
0.036579
0.034922
0.035995
0.034752
0.153037
0.035470
0.035267
0.035729
0.035518
0.035783
0.035589
0.034810
0.035775
0.035212
0.153148
0.036259
0.035687
0.035062
0.036003
0.035048
0.035405
0.035306
0.034631
0.037137
0.153316
0.035615
0.035071
0.034898
0.035882
0.034847
0.035625
0.035591
0.035148
0.034927
0.153026
0.035388
0.035672
0.035202
0.035372
0.034903
0.035677
0.034678
0.035294
0.035181
0.152904
0.035136
0.034765
0.035255
0.034697
0.034653
0.036152
0.034803
0.035106
0.034548
0.156429
0.038733
0.038687
0.038523
0.039620
0.038494
0.038339
0.038398
0.037784
0.038282
0.156678
0.038320
0.038081
0.037912
0.019634
0.037466
0.037823
0.038356
0.037715
0.021316
0.157167
0.037791
0.038424
0.037768
0.037478
0.037798
0.038262
0.037148
0.037313
0.037561
0.156135
0.036867
0.037177
0.037762
0.037096
0.037246
0.037006
0.037504
0.037808
0.036777
0.155988
0.037981
0.036903
0.038480
0.037507
0.037945
0.037426
0.037283
0.038056
0.037488
0.155243
0.037772
0.037040
0.037125
0.037638
0.037079
0.037684
0.037039
0.037289
0.037772
0.156031
0.037290
0.038462
0.037370
0.039057
0.037867
0.037745
0.038137
0.037665
0.037231
0.155987
0.037199
0.039200
0.037820
0.037723
0.037114
0.037283
0.037463
0.037534
0.037479
0.156433
0.037541
0.037252
0.037914
0.037246
0.038044
0.037848
0.037495
0.037889
0.037277
0.154899
0.037782
0.037323
0.037627
0.038012
0.037264
0.037578
0.037591
0.037816
0.039202
0.157475
0.038257
0.038547
0.040652
0.038869
0.034590
0.034866
0.035406
0.035253
0.035780
0.153000
0.035258
0.036285
0.034881
0.035378
0.034910
0.035229
0.035181
0.034812
0.035764
0.152546
0.035243
0.036033
0.035159
0.035432
0.035065
0.035141
0.035601
0.035188
0.035793
0.152921
0.035036
0.035822
0.035062
0.035567
0.035100
0.035793
0.034892
0.035427
0.035487
0.153204
0.035246
0.036058
0.035167
0.036400
0.035244
0.035133
0.035718
0.034979
0.035636
0.153432
0.035369
0.035324
0.034681
0.035006
0.035127
0.035329
0.035381
0.034947
0.035580
0.153147
0.034917
0.035820
0.034950
0.035012
0.034925
0.034907
0.035051
0.035179
0.036504
0.154290
0.035433
0.035997
0.035041
0.035493
0.034861
0.034993
0.035775
0.035762
0.035662
0.153451
0.035101
0.036004
0.035307
0.035391
0.035454
0.035014
0.035668
0.034814
0.035294
0.153666
0.036049
0.035297
0.034815
0.035039
0.035143
0.034926
0.035892
0.035494
0.035211
0.154083
0.035036
0.035766
0.035016
0.034914
0.035169
0.035367
0.035763
0.035008
0.035804
0.153008
0.035649
0.036011
0.035137
0.035327
0.034902
0.035054
0.035409
0.035077
0.035687
0.153205
0.035138
0.035788
0.035063
0.035212
0.035120
0.035568
0.035056
0.035931
0.035464
0.152913
0.035091
0.035901
0.035572
0.035458
0.034968
0.034885
0.035499
0.035210
0.035894
0.152939
0.035478
0.035651
0.035007
0.035491
0.035155
0.035364
0.034160
0.034988
0.034996
0.152463
0.034719
0.034275
0.034198
0.036463
0.035103
0.038746
0.035125
0.035273
0.035869
0.152646
0.035708
0.035764
0.034933
0.035619
0.034986
0.034970
0.035097
0.035173
0.036447
0.153110
0.035082
0.035784
0.035649
0.035748
0.035021
0.036496
0.036086
0.035482
0.035705
0.153636
0.035166
0.037492
0.035105
0.037073
0.035421
0.035454
0.037634
0.036383
0.035455
0.154261
0.035042
0.035700
0.035694
0.035256
0.035930
0.035351
0.036236
0.035179
0.035422
0.153985
0.035142
0.035182
0.035269
0.034902
0.035646
0.034895
0.035656
0.035690
0.034942
0.154156
0.034220
0.035196
0.035401
0.034879
0.035478
0.035098
0.035436
0.035427
0.035034
0.152739
0.034883
0.034795
0.035618
0.034883
0.035420
0.035078
0.035050
0.035580
0.034950
0.153085
0.035610
0.034678
0.035487
0.034989
0.035120
0.035709
0.035403
0.035311
0.035487
0.153669
0.035420
0.035222
0.034798
0.034882
0.034860
0.035909
0.036387
0.035489
0.034698
0.152443
0.035141
0.035127
0.035122
0.034862
0.034767
0.035588
0.035589
0.034723
0.034651
0.152703
0.035055
0.034615
0.035672
0.034861
0.034892
0.035639
0.035439
0.035719
0.035329
0.153085
0.035635
0.035131
0.035273
0.034753
0.035338
0.035095
0.034753
0.035063
0.034869
0.152461
0.036410
0.035460
0.035558
0.035073
0.035006
0.035886
0.035313
0.036118
0.035582
0.153476
0.036301
0.035536
0.035890
0.035364
0.035908
0.035475
0.035629
0.035784
0.035081
0.153473
0.036483
0.035181
0.035487
0.035430
0.035365
0.034961
0.035200
0.036188
0.034922
0.153747
0.035081
0.034598
0.035222
0.034958
0.034470
0.035513
0.035536
0.035482
0.033555
0.152907
0.034022
0.034821
0.036287
0.035089
0.035797
0.034753
0.033694
0.034904
0.035268
0.153888
0.034877
0.035006
0.035562
0.034911
0.035091
0.035242
0.035940
0.035068
0.034750
0.153915
0.034920
0.034799
0.035453
0.034902
0.035377
0.034974
0.035515
0.035145
0.035534
0.154789
0.035636
0.036038
0.035284
0.035348
0.034607
0.035089
0.035465
0.035407
0.034033
0.153841
0.035146
0.035664
0.035198
0.035735
0.036033
0.035500
0.034293
0.035416
0.035591
0.154306
0.034669
0.035730
0.035312
0.035353
0.036191
0.037301
0.036058
0.035427
0.035991
0.154883
0.035640
0.036276
0.035403
0.035424
0.036745
0.035793
0.036095
0.035556
0.035745
0.154350
0.035330
0.035494
0.036186
0.036114
0.035780
0.037029
0.034339
0.035492
0.034470
0.153192
0.034209
0.034297
0.036748
0.034401
0.035958
0.035642
0.036209
0.035897
0.034077
0.152894
0.033679
0.035367
0.034897
0.034470
0.036001
0.035397
0.035783
0.035258
0.035457
0.153881
0.036062
0.035485
0.035767
0.035436
0.036227
0.035383
0.035610
0.033984
0.036173
0.154065
0.036669
0.033423
0.035444
0.035333
0.036279
0.035335
0.036139
0.035402
0.035651
0.154013
0.035166
0.035792
0.035285
0.035556
0.036139
0.036074
0.035748
0.035298
0.035441
0.153862
0.035530
0.035989
0.034089
0.035879
0.035695
0.033877
0.035837
0.034433
0.034608
0.153674
0.033944
0.035276
0.034819
0.034487
0.033841
0.034111
0.034371
0.037357
0.036059
0.153674
0.035331
0.036065
0.034157
0.035849
0.035264
0.035385
0.035692
0.034768
0.035244
0.152616
0.035641
0.036463
0.035546
0.035403
0.035153
0.036434
0.035255
0.034864
0.036052
0.153885
0.035275
0.036142
0.035161
0.035352
0.034708
0.035255
0.035315
0.034958
0.036175
0.153502
0.034844
0.035829
0.035235
0.035685
0.035245
0.035263
0.034043
0.036017
0.035224
0.151768
0.035478
0.035173
0.035390
0.036628
0.035951
0.034264
0.035936
0.035279
0.035918
0.153722
0.035636
0.036213
0.035041
0.035994
0.035774
0.036133
0.035992
0.035686
0.035836
0.153997
0.035200
0.035709
0.035312
0.035939
0.035568
0.036125
0.035753
0.035194
0.035726
0.153479
0.034990
0.036182
0.035520
0.035652
0.036376
0.035186
0.035845
0.035022
0.035164
0.153539
0.034391
0.034955
0.034964
0.035004
0.035591
0.034893
0.035065
0.036181
0.034894
0.153393
0.034938
0.034865
0.035463
0.035508
0.035723
0.037343
0.035133
0.035758
0.034942
0.154066
0.036436
0.035321
0.035936
0.035248
0.035688
0.036882
0.035328
0.036250
0.034266
0.154430
0.036303
0.034042
0.035653
0.036811
0.035694
0.036023
0.035501
0.035376
0.036503
0.153775
0.034405
0.036442
0.036970
0.034916
0.035362
0.035742
0.036160
0.035303
0.036776
0.153728
0.035735
0.035918
0.035410
0.035572
0.035959
0.035844
0.036164
0.035637
0.035428
0.153520
0.035242
0.036303
0.035364
0.036327
0.036339
0.035295
0.035701
0.035364
0.035289
0.154803
0.035390
0.034965
0.036413
0.034379
0.035925
0.035471
0.035489
0.034242
0.036114
0.153575
0.035364
0.033959
0.036116
0.035371
0.035682
0.035400
0.035447
0.036668
0.035295
0.153955
0.036576
0.035817
0.036212
0.034856
0.033437
0.035965
0.035074
0.036032
0.035565
