2.134268
0.045054
0.034290
0.036089
0.034206
0.036248
0.034544
0.034322
0.034700
0.034436
0.153311
0.044687
0.034648
0.034220
0.036238
0.034260
0.034994
0.034395
0.035410
0.034996
0.153042
0.044723
0.035224
0.034725
0.034566
0.034451
0.034896
0.036196
0.034674
0.034767
0.152398
0.038196
0.034910
0.035292
0.034552
0.035253
0.035303
0.035161
0.035639
0.034774
0.153049
0.045556
0.034981
0.034572
0.035764
0.034717
0.035294
0.034678
0.035621
0.034749
0.153171
0.044024
0.037182
0.035171
0.035618
0.034648
0.035026
0.034784
0.034522
0.035198
0.152788
0.044862
0.033691
0.034228
0.034029
0.034650
0.034374
0.035055
0.035434
0.036166
0.152791
0.045866
0.034884
0.035094
0.035151
0.034980
0.035766
0.035165
0.035746
0.035198
0.155785
0.038025
0.035670
0.035038
0.036171
0.035476
0.034796
0.035654
0.034903
0.035900
0.153546
0.044583
0.035004
0.035274
0.035126
0.035855
0.035290
0.036526
0.035421
0.035833
0.153202
0.038502
0.035530
0.036539
0.036377
0.038901
0.036406
0.035612
0.035432
0.035454
0.153928
0.037571
0.035441
0.037393
0.036546
0.035831
0.036428
0.035467
0.035921
0.035488
0.154212
0.046576
0.036333
0.035889
0.036446
0.035719
0.036634
0.035835
0.036717
0.036054
0.154907
0.044884
0.036370
0.035967
0.033570
0.033192
0.033183
0.033781
0.033283
0.033815
0.154710
0.045241
0.033177
0.034062
0.033437
0.033924
0.033280
0.033377
0.033880
0.033727
0.151521
0.045506
0.033357
