2.124560
0.047583
0.034182
0.033422
0.033209
0.032988
0.033863
0.033926
0.033029
0.034082
0.153561
0.046999
0.032892
0.033987
0.033233
0.032776
0.033578
0.032777
0.033702
0.034176
0.151394
0.046022
0.034870
0.033375
0.033784
0.035615
0.033600
0.033319
0.032472
0.033338
0.150393
0.047100
0.033288
0.034996
0.032605
0.032610
0.033101
0.033362
0.033411
0.032845
0.150983
0.035048
0.033270
0.032491
0.033375
0.034504
0.032885
0.033736
0.033152
0.033331
0.151481
0.046990
0.033083
0.032779
0.034316
0.032663
0.033435
0.032763
0.033147
0.032570
0.151416
0.045774
0.032891
0.034185
0.032370
0.034046
0.033000
0.033458
0.033222
0.032892
0.151582
0.046339
0.036224
0.033514
0.035201
0.034349
0.033293
0.032870
0.032774
0.033278
0.151810
0.047513
0.032904
0.033569
0.032601
0.033567
0.033090
0.032757
0.033216
0.032992
0.154066
0.039220
0.033319
0.032658
0.033440
0.032594
0.033057
0.033342
0.032727
0.033637
0.150780
0.039770
0.032980
0.033804
0.033354
0.033216
0.033206
0.032599
0.033949
0.032609
0.151381
0.038824
0.033445
0.032951
0.032896
0.033095
0.033052
0.034118
0.032962
0.032949
0.151434
0.039682
0.032926
0.032573
0.033266
0.032946
0.033416
0.032570
0.032919
0.033693
0.151320
0.034122
0.032798
0.034054
