2.123622
0.045173
0.033488
0.033587
0.034124
0.032797
0.032906
0.032640
0.034158
0.032334
0.150968
0.044438
0.032853
0.033564
0.032721
0.032298
0.033374
0.032388
0.034471
0.033341
0.151424
0.044157
0.034834
0.033567
0.032748
0.032572
0.033541
0.032539
0.034372
0.033803
0.151245
0.051780
0.032830
0.033733
0.033188
0.032141
0.033620
0.032795
0.034024
0.033425
0.151096
0.051521
0.033352
0.034498
0.033103
0.032888
0.033638
0.033018
0.033867
0.035653
0.151567
0.052333
0.032927
0.034957
0.032920
0.032743
0.033537
0.032849
0.033543
0.034131
0.151001
0.050569
0.032668
0.033831
0.032972
0.036922
0.034584
0.032641
0.034427
0.033610
0.150469
0.051401
0.032594
0.032948
0.033528
0.032869
0.033452
0.033200
0.034864
0.034542
0.150448
0.051092
0.033230
0.032571
0.033206
0.032817
0.032689
0.033142
0.033664
0.034211
0.151874
0.050543
0.032635
0.032457
0.033363
0.032980
0.032449
0.033201
0.032653
0.032711
0.151186
0.051108
0.033396
0.032650
0.032986
0.032744
0.033097
0.033607
0.032935
0.032803
0.151468
0.051361
0.033855
0.032780
0.032649
0.033214
0.032614
0.032524
0.033012
0.033281
0.150924
0.050045
0.034086
0.032989
0.032631
0.033645
0.032668
0.032197
0.033397
0.034287
0.150974
0.050328
0.032409
0.033492
0.032482
0.033329
0.034855
0.032580
0.033173
0.033916
0.150854
0.051144
0.032595
0.033527
0.032722
0.032744
0.033910
0.032709
0.032843
0.032982
0.150350
0.050205
0.032664
0.033916
0.032656
0.032636
0.033403
0.032594
0.032464
0.033421
0.150552
0.051930
0.037623
0.033778
0.032832
0.032471
0.033263
0.032555
0.032697
0.033297
0.150467
0.051080
0.032543
0.033012
0.033386
0.032811
0.032617
0.033049
0.032452
0.032818
0.151590
0.052044
0.033419
0.032984
0.034255
0.032631
0.032681
0.033596
0.032571
0.032938
0.154419
0.050267
0.033082
0.032635
0.033496
0.032754
0.033026
0.033594
0.032911
0.032724
0.152043
0.050068
0.033273
0.032449
0.032772
0.032858
0.032779
0.032930
0.033273
0.032595
0.151120
0.050275
0.033728
0.032661
0.033135
0.033246
0.032559
0.032801
0.033291
0.032871
0.151028
0.049926
0.032658
0.033405
0.032677
0.032708
0.033184
0.033480
0.034616
0.032833
0.150472
0.050400
0.032804
0.033891
0.032371
0.032758
0.033060
0.032392
0.032630
0.033304
0.150322
0.051496
0.032565
0.032953
0.032923
0.032831
0.033368
0.032920
0.033184
0.033559
0.150498
0.051826
0.032690
0.032905
0.033293
0.032250
0.032792
0.033616
0.033345
0.033985
0.151437
0.051906
0.032699
0.032462
0.033687
0.032813
0.032850
0.033683
0.032362
0.032703
0.151101
0.051172
0.033059
0.032740
0.033978
0.033407
0.033229
0.033646
0.033122
0.032999
0.150791
0.050828
0.032491
0.031856
0.032280
0.032455
0.032806
0.032288
0.032797
0.032952
0.150256
0.051442
0.032745
0.032431
0.032296
0.032589
0.032625
0.032661
0.033179
0.032502
0.150195
0.051284
0.033310
0.032977
0.032462
0.032086
0.032834
0.032430
0.032380
0.032620
0.150362
0.051461
0.032537
0.032654
0.032783
0.032382
0.033084
0.032659
0.032070
0.033147
0.150465
0.052003
0.032326
0.032227
0.032956
0.032535
0.032292
0.032899
0.032421
0.032349
0.150291
0.051860
0.032722
0.032192
0.032807
0.032412
0.032495
0.032911
0.032494
0.032107
0.150798
0.051346
0.033175
0.032536
0.032381
0.032918
0.032244
0.032377
0.032938
0.032495
0.151458
0.053431
0.034675
0.033559
0.032879
0.033591
0.032968
0.032947
0.033391
0.033146
0.151007
0.052205
0.034140
0.033404
0.033193
0.034065
0.033052
0.032938
0.034080
0.033197
0.151409
0.045671
0.033086
0.033606
0.033045
