2.121995
0.046579
0.033807
0.033014
0.033123
0.153840
0.157334
0.045904
0.036001
0.032666
0.153918
0.038793
0.035630
0.015482
0.033182
0.033684
0.033220
0.034393
0.033501
0.033692
0.133822
0.039722
0.036002
0.034514
0.035071
0.033614
0.034005
0.034285
0.034227
0.034445
0.151617
0.047337
0.033459
0.042880
0.015650
0.034826
0.034082
0.034061
0.034334
0.033793
0.153170
0.039967
0.034855
0.033838
0.034710
0.034351
0.034573
0.035436
0.033414
0.035233
0.152379
0.046537
0.034089
0.035151
0.033686
0.034999
0.034045
0.033981
0.034261
0.033874
0.153197
0.046812
0.016021
0.034025
0.033727
0.034531
0.034050
0.035156
0.033978
0.035477
0.152634
0.039161
0.034037
0.034097
0.034094
0.033803
0.034347
0.034129
0.036004
0.034079
0.152830
0.046922
0.035124
0.033759
0.034095
0.033965
0.034990
0.034250
0.015508
0.015563
0.133884
0.028031
0.034290
0.034543
0.033818
0.035154
0.034033
0.034663
0.034393
0.033783
0.152716
0.039843
0.035019
0.033757
0.034622
0.033759
0.033992
0.033913
0.033472
0.035237
0.152310
0.040041
0.035364
0.035014
0.034094
0.034148
0.016212
0.015888
0.015612
0.035639
0.152098
0.048133
0.034304
0.034212
0.037853
0.035403
0.033204
0.033522
0.033318
0.033988
0.152165
0.039653
0.033823
0.034484
0.034929
0.033610
0.034510
0.035024
0.033996
0.034560
0.151519
0.046874
0.015643
0.034781
0.033788
0.033890
0.034245
0.033792
0.034266
0.033844
0.152800
0.039263
0.034698
0.033576
0.034503
0.033751
0.033830
0.034517
0.033868
0.035281
0.151853
0.040222
0.033660
0.034266
0.033981
0.033906
0.034660
0.034043
0.034997
0.035183
0.152132
0.039983
0.034561
0.033756
0.033808
0.034356
0.033685
0.034468
0.033921
0.034269
0.154067
0.040259
0.033572
0.033350
0.033950
0.033338
0.034043
0.033676
0.033999
0.035903
0.152418
0.039511
0.034551
0.034433
0.033891
0.034216
0.033870
0.034638
0.035105
0.034598
0.152129
0.047289
0.033954
0.034991
0.034386
0.034089
0.036035
0.035629
0.035056
0.033832
0.152790
0.039730
0.035020
0.033748
0.033766
0.034977
0.034058
0.034710
0.033839
0.034608
0.152428
0.039531
0.033729
0.034891
0.033825
0.034274
0.034103
0.033673
0.034597
0.034091
0.152032
0.046213
0.037064
0.033980
0.035594
0.034058
0.033851
0.034831
0.034125
0.034949
0.151860
0.048110
0.033752
0.034718
0.033862
0.033781
0.034605
0.034332
0.034790
0.035174
0.152724
0.045683
0.034633
0.034065
0.036475
0.034527
0.034029
0.034433
0.034184
0.034339
0.152665
0.040035
0.033734
0.034978
0.034549
0.034519
0.034618
0.034003
0.034353
0.033790
0.153837
0.039466
0.034955
0.034293
0.034942
0.034567
0.033797
0.034812
0.034233
0.034962
0.152093
0.039996
0.034021
0.035770
0.034466
0.034179
0.034496
0.034261
0.035207
0.034324
0.152722
0.046536
0.034678
0.034202
0.034858
0.033947
0.035727
0.035529
0.033840
0.034631
0.152486
0.039514
0.034194
0.034521
0.033840
0.034576
0.034554
0.034034
0.034367
0.033854
0.153166
0.045859
0.034728
0.035007
0.034733
0.034348
0.034858
0.034045
0.033895
0.034489
0.152250
0.045263
0.035622
0.034272
0.034296
0.034378
0.034028
0.035374
0.034665
0.034026
0.152432
0.046583
0.034220
0.034179
0.034534
0.034337
0.035025
0.034889
0.034825
0.034194
0.152488
0.039088
0.034617
0.034335
0.034079
0.034508
0.034319
0.036622
0.033718
0.034872
0.152529
0.046368
0.034048
0.035059
0.033812
0.033929
0.034554
0.033809
0.035076
0.034556
0.151708
0.046556
0.035172
0.035728
0.034775
0.033844
0.033978
0.034217
0.033757
0.034189
0.151872
0.047347
0.033688
0.034408
0.033952
0.034497
0.035241
0.033467
0.034086
0.033740
0.152364
0.039535
0.034444
0.033987
0.034743
0.044247
0.036593
0.034060
0.034481
0.034289
0.152502
0.039659
0.034293
0.034581
0.033819
0.034552
0.033904
0.034442
0.034872
0.033807
0.153353
0.048184
0.034562
0.034138
0.033989
0.033625
0.034179
0.033785
0.035190
0.034189
0.151993
0.039459
0.035011
0.034048
0.033956
0.034350
0.033833
0.034605
0.033835
0.033928
0.152020
0.048295
0.034116
0.034508
0.034425
0.034020
0.035351
0.034065
0.034621
0.034014
0.152589
0.039204
0.035368
0.034277
0.034362
0.034623
0.034042
0.035377
0.034689
0.037339
0.152444
0.047144
0.034163
0.035846
0.033947
0.034253
0.035094
0.034486
0.034866
0.034151
0.154146
0.039523
0.035406
0.034214
0.034683
0.034064
0.036149
0.034710
0.034052
0.034763
0.152309
0.044082
0.034123
0.034155
0.035052
0.034735
0.033823
0.034556
0.033235
0.034370
0.154639
0.039843
0.033572
0.035534
0.034361
0.034500
0.034267
0.034277
0.034424
0.033862
0.153825
0.046376
0.034436
0.034150
0.034857
0.034220
0.034355
0.034383
0.034430
0.034705
0.153109
0.035919
0.034247
0.034657
0.034016
0.035182
0.034519
0.034662
0.034791
0.034121
0.154439
0.039464
0.035680
0.035757
0.034713
0.035633
0.034862
0.034111
