2.141803
0.045879
0.034578
0.035430
0.034588
0.034529
0.034200
0.034181
0.034876
0.034736
0.152759
0.044513
0.034772
0.034520
0.035130
0.034020
0.034580
0.036276
0.036119
0.036950
0.152783
0.044940
0.034158
0.035021
0.034293
0.034432
0.034448
0.035031
0.034347
0.033992
0.152918
0.045907
0.035436
0.034290
0.036516
0.034339
0.035047
0.034544
0.036127
0.034873
0.152459
0.044712
0.034833
0.034716
0.033978
0.034534
0.037774
0.035202
0.034786
0.035368
0.156876
0.045545
0.033736
0.034605
0.033988
0.034448
0.034182
0.033993
