2.091660
0.048916
0.034566
0.033677
0.035527
0.033689
0.033687
0.035388
0.033922
0.034483
0.152460
0.042814
0.033726
0.033939
0.034127
0.033592
0.034130
0.033633
0.033820
0.034051
0.151846
0.041514
0.033730
0.034033
0.033431
0.033373
0.034335
0.033813
0.034302
0.033525
0.151773
0.048512
0.033730
0.033258
0.033521
0.034308
0.033638
0.034498
0.033704
0.033518
0.152620
0.048550
0.033537
0.033553
0.039229
0.033219
0.034128
0.033480
0.033694
0.034388
0.152086
0.041900
0.033560
0.034540
0.033366
0.033611
0.034076
0.033497
0.033979
0.033190
0.151282
0.048244
0.033202
0.033857
0.032879
0.034404
0.032803
0.032966
0.033450
0.033163
0.153052
0.048473
0.034657
0.033673
0.033553
0.033999
0.033584
0.034240
0.033318
0.033210
0.152395
0.044391
0.033692
0.033848
0.035325
0.033418
0.035674
0.033529
0.034754
0.035226
0.152738
0.048189
0.033620
0.034345
0.032910
0.033318
0.034010
0.033347
0.036428
0.033295
0.152864
0.048639
0.034475
0.033517
0.033408
0.033770
0.033597
0.033936
0.032757
0.033551
0.152900
0.041697
0.033337
0.033272
0.033921
0.032791
0.032586
0.033102
0.033152
0.033361
0.151206
0.048847
0.032678
0.032915
0.032717
0.032882
0.033825
0.033138
0.032618
0.034021
0.152952
0.048567
0.033386
0.034037
0.033484
0.033317
0.033826
0.033321
0.034178
0.033196
0.152434
0.040703
0.033425
0.032902
0.033036
0.033582
0.033584
0.035975
0.033488
0.033883
0.152424
0.048788
0.033863
0.033404
0.033836
0.034020
0.033722
0.033407
0.033677
0.033922
0.152268
0.048651
0.033479
0.034258
0.037403
0.033345
0.033839
0.033362
0.033800
0.033253
0.151960
0.048440
0.034148
0.033637
0.033253
0.033749
0.033538
0.033850
0.033281
0.033917
0.152122
0.049087
0.033450
0.033356
0.034128
0.033720
0.033481
0.033354
0.033207
0.033947
0.151609
0.048673
0.033182
0.033812
0.034030
0.033384
0.033707
0.033448
0.034436
0.033240
0.152055
0.048298
0.035096
0.035638
0.033137
0.033725
0.033196
0.034706
0.033060
0.037860
0.159610
0.042129
0.035103
0.033870
0.035464
0.035058
0.033723
0.033392
0.033284
0.033419
0.155339
0.041154
0.033623
0.034881
0.034279
0.034355
0.033471
0.033818
0.033754
0.035910
0.152005
0.041291
0.036491
0.033411
0.035508
0.033330
0.033318
0.037905
0.035714
0.033939
0.152677
0.049236
0.033361
0.036206
0.035109
0.036713
0.033581
0.035897
0.036308
0.035897
0.155690
0.041063
0.036743
0.035624
0.036348
0.033222
0.035676
0.036202
