2.949950
0.048292
0.034855
0.035049
0.034388
0.034154
0.035093
0.034164
0.035308
0.034453
0.152939
0.039605
0.035174
0.034055
0.034465
0.034555
0.033922
0.035304
0.033914
0.033860
0.152426
0.040661
0.034105
0.034129
0.034967
0.034158
0.035054
0.034558
0.035133
0.034003
0.152813
0.046174
0.034475
0.034578
0.034934
0.034875
0.034329
0.035935
0.034403
0.034907
0.152134
0.047918
0.034452
0.034694
0.034261
0.034580
0.034752
0.034395
0.035790
0.034570
0.152472
0.039688
0.033605
0.034609
0.034215
0.034756
0.034446
0.034685
0.034589
0.153198
0.157512
0.037070
0.034167
0.035570
0.034508
0.034764
0.034524
0.034725
0.035033
0.035899
0.153160
0.040284
0.035169
0.034725
0.034964
0.034813
0.034932
0.035135
0.034664
0.035438
0.157564
0.045989
0.034470
0.035234
0.034994
0.035353
0.034627
0.034796
0.034559
0.035037
0.153876
0.046957
0.035470
0.034896
0.038772
0.034202
0.035106
0.034068
0.034673
0.034835
0.153117
0.045115
0.035043
0.035054
0.035102
0.035603
0.036980
0.035454
0.034936
0.035048
0.153177
0.046513
0.035746
0.034990
0.035539
0.035302
0.036105
0.035275
0.035500
0.035411
0.153612
0.045949
0.035030
0.036192
0.034938
0.035178
0.034918
0.035464
0.034694
0.034433
0.152600
0.046555
0.035589
0.035734
0.035650
0.035389
0.036751
0.035799
0.035367
0.036228
0.154283
0.045794
0.035487
0.035935
0.036521
0.035947
0.035499
0.036165
0.035749
0.035466
0.154038
0.046917
0.035558
0.035623
0.035944
0.035535
0.036460
0.035467
0.036494
0.035591
0.153733
0.047242
0.037184
0.035682
0.036611
0.036118
0.035520
0.037042
0.037010
0.036582
0.154550
0.047052
0.035841
0.036193
0.036211
0.035598
0.036806
0.035531
0.036588
0.035302
0.154910
0.045632
0.036282
0.036555
0.035608
0.035189
0.035800
0.039089
0.035037
0.036300
0.154048
0.047654
0.035455
0.036559
0.036200
0.036075
0.036187
0.035612
0.033842
0.034045
0.152790
0.046636
0.033688
0.033365
0.034186
0.033686
0.033088
0.036208
0.033910
0.033797
0.151843
0.046974
0.034549
0.033628
0.033549
0.033420
0.034932
0.033549
0.033863
0.033001
0.152134
0.045912
0.033173
0.033610
0.032619
0.033871
0.033241
0.032910
0.033776
0.032950
0.151718
0.046862
0.034904
0.032654
0.033594
0.033082
0.032878
0.033710
0.032958
0.033520
0.150631
0.047429
0.033149
0.032982
0.032999
0.033207
0.033752
0.033060
0.032924
0.033191
0.150970
0.046818
0.032910
0.033421
0.033358
0.033667
0.033163
0.032984
0.033618
0.033214
0.151932
0.045895
0.033923
0.033145
0.033245
0.032853
0.032959
0.034773
0.033209
0.033609
0.151520
0.047303
0.034352
0.033617
0.034182
0.033523
0.034669
0.033726
0.033695
0.033779
0.154026
0.046402
0.033551
0.033746
0.033326
0.034924
0.033566
0.033595
0.034185
0.035216
0.152165
0.046322
0.033907
0.033570
0.034990
0.033191
0.033502
0.033818
0.033826
0.034180
0.151641
0.047858
0.033272
0.034372
0.033864
0.033627
0.034313
0.034924
0.034325
0.033648
0.152297
0.046923
0.033917
0.033488
0.033418
0.034552
0.034789
0.033970
0.033677
0.033463
0.152031
0.046921
0.035108
0.034582
0.034731
0.035181
0.034667
0.033797
0.036584
0.036245
0.151898
0.046499
0.033565
0.034330
0.034049
0.034801
0.033578
0.033838
0.035538
0.033842
0.152724
0.046184
0.034576
0.034307
0.034982
0.033881
0.033932
0.034614
0.033936
0.034719
0.151594
0.047390
0.033939
0.034735
0.033661
0.033777
0.033995
0.033274
0.035590
0.034803
0.152616
0.046849
0.035294
0.033787
0.034091
0.034587
0.033806
0.034875
0.033963
0.033047
0.151282
0.046095
0.034195
0.034042
0.033576
0.033412
0.034423
0.034154
0.033847
0.034446
0.151692
0.047047
0.033015
0.034303
0.034300
0.033419
0.033361
0.033373
0.033633
0.033115
0.151628
0.046551
0.034356
0.033386
0.033041
0.033385
0.033165
0.034696
0.033318
0.033220
0.152556
0.047750
0.033738
0.033588
0.035605
0.033345
0.033993
0.033049
0.033186
0.034338
0.151253
0.046535
0.033038
0.033806
0.033126
0.033297
0.032789
0.033127
0.034251
0.033488
0.152151
0.046038
0.035332
0.033511
0.033380
0.034344
0.033319
0.034752
0.033759
0.033671
0.151714
0.047780
0.033640
0.033211
0.033486
0.033201
0.035011
0.033244
0.032815
0.033682
0.151491
0.046309
0.033567
0.033700
0.032907
0.034873
0.033132
0.033921
0.033628
0.033340
0.152592
0.046013
0.034042
0.033391
