2.083339
0.044803
0.034470
0.033669
0.034955
0.033538
0.033726
0.034861
0.033796
0.035064
0.151746
0.038221
0.034336
0.034387
0.033347
0.033864
0.033763
0.033353
0.033863
0.033605
0.154095
0.039144
0.034108
0.033558
0.034771
0.033424
0.033541
0.033644
0.033655
0.034447
0.152267
0.038382
0.033732
0.034043
0.033561
0.035678
0.033935
0.034946
0.033565
0.033787
0.152287
0.038685
0.033472
0.033680
0.033981
0.033772
0.034145
0.033370
0.034184
0.034339
0.151227
0.037164
0.034579
0.033340
0.033507
0.033428
0.033153
0.034874
0.035275
0.035970
0.151783
0.037917
0.033793
0.035050
0.033108
0.033313
0.034709
0.034269
0.034482
0.033416
0.152700
0.037881
0.034721
0.033893
0.034925
0.035214
0.033864
0.034314
0.033587
0.035686
0.152154
0.037288
0.033655
0.035730
0.034432
0.034900
0.033599
0.034534
0.033979
0.033411
0.152485
0.038882
0.034246
0.033768
0.034187
0.033759
0.034035
0.033726
0.034362
0.033442
0.152271
0.037362
0.034585
0.033499
0.033113
0.033941
0.033541
0.034893
0.033865
0.034570
0.151911
0.044697
0.033981
0.034369
0.033665
0.033801
0.034200
0.033899
0.034413
0.033913
0.153847
0.034477
0.034208
0.033778
0.034803
0.034209
0.035033
0.033597
0.033349
0.034898
0.152334
0.037190
0.033530
0.034804
0.033887
0.034320
0.033556
0.036136
0.034248
0.033845
0.152298
0.038984
0.034029
0.033961
0.034498
0.033705
0.034327
0.033885
0.034840
0.033798
0.151897
0.038031
0.035363
0.033630
0.035380
0.034360
0.033631
0.034032
0.033702
0.034531
0.152388
0.044600
0.033694
0.034535
0.034008
0.034783
0.033639
0.033640
0.033160
0.033413
0.151605
0.038696
0.033575
0.033092
0.034138
0.033356
0.033803
0.033256
0.033207
0.033700
0.151625
0.044497
0.033585
0.033349
0.033154
0.033544
0.033408
0.033879
0.033506
0.033351
0.151900
0.044830
0.033439
0.033590
0.033364
0.033254
0.033579
0.033335
0.033850
0.033094
0.151655
0.037445
0.033927
0.033186
0.033608
0.033742
0.033269
0.033692
0.033342
0.033846
0.150886
0.037817
0.033092
0.033980
0.033872
0.033482
0.033138
0.033552
0.033517
0.033028
0.151134
0.037286
0.033935
0.032999
0.033718
0.033520
0.033847
0.033357
0.033259
0.034068
0.151110
0.044042
0.033581
0.033930
0.033913
0.033811
0.032811
0.033669
0.033228
0.033069
0.150760
0.037866
0.032893
0.033107
0.033603
0.033495
0.033730
0.032923
0.033713
0.032834
0.150597
0.045624
0.033733
0.033665
0.033310
0.034281
0.033299
0.033485
0.033252
0.033967
0.151116
0.037812
0.033386
0.033530
0.033018
0.033154
0.034128
0.034362
0.034042
0.033218
0.151872
0.037206
0.033893
0.033290
0.034018
0.033352
0.033752
0.033919
0.033196
0.033626
0.150625
0.036767
0.033273
0.034250
0.033067
0.033613
0.033345
0.033400
0.035403
0.033739
0.152667
0.045296
0.033863
0.034298
0.034113
0.033998
0.034191
0.033602
0.034730
0.034116
0.151857
0.044221
0.034549
0.033814
0.034402
0.034644
0.033525
0.034498
0.033737
0.034564
0.152240
0.044795
0.033315
0.035645
0.033481
0.034438
0.033921
0.034347
0.033780
0.033605
0.151820
0.038861
0.033554
0.034178
0.034077
0.033797
0.034096
0.033802
0.034532
0.033799
0.152503
0.044076
0.034819
0.033677
0.033926
0.033605
0.033591
0.036222
0.034265
0.034306
0.152131
0.035273
0.033719
0.034287
0.033517
0.035442
0.033671
0.033948
0.033473
0.033255
0.151702
0.037071
0.033681
0.034031
0.034967
0.033781
0.034527
0.033397
0.034111
0.033437
0.151079
0.043702
0.034503
0.033465
0.033890
0.034408
0.033855
0.034149
0.033855
0.034698
0.151519
0.038429
0.034027
0.034549
0.033487
0.033871
0.034592
0.033801
0.034708
0.033471
0.152616
0.037607
0.034343
0.033783
0.034766
0.033923
0.033780
0.035197
0.033754
0.034313
0.152027
0.044326
0.034732
0.035129
0.033723
0.034688
0.033530
0.034617
0.033697
0.034036
0.153117
0.046185
0.033741
0.033544
0.034465
0.033805
0.034795
0.033638
0.034707
0.033546
0.152204
0.037725
0.034723
0.033591
0.033683
0.034385
0.034225
0.034845
0.033689
0.034894
0.152153
0.038217
0.033880
0.034317
0.033757
0.034413
0.034451
0.034371
0.033659
0.035005
0.151941
0.045547
0.033640
0.033636
0.034157
0.033600
0.035468
0.034848
0.034578
0.033796
0.153188
0.041143
0.035146
0.033945
0.033131
0.034275
0.033972
0.034784
0.033834
0.034564
0.152535
0.037518
0.033628
0.034299
0.034836
0.034590
0.033647
0.033726
0.033633
0.033512
0.154172
0.044830
0.033625
0.033670
0.034379
0.033674
0.035510
0.033963
0.034855
0.033876
0.152037
0.038759
0.034366
0.033720
0.033550
0.033942
0.033707
0.034313
0.033504
0.035481
0.151742
0.037932
0.033599
0.035439
0.034128
0.033772
0.033733
0.033688
0.034242
0.033735
0.153100
0.037627
0.034645
0.034055
0.034191
0.033664
0.034021
0.033701
0.034006
0.034445
0.151781
0.037181
0.033905
0.034611
0.033638
0.034478
0.033850
0.034735
0.033898
0.033617
0.152829
0.038385
0.033551
0.033642
0.034114
0.033511
0.034776
0.033731
0.034528
0.033904
0.152668
0.037452
0.034646
0.033714
0.033637
0.034258
0.033673
0.034184
0.032934
0.034653
0.151561
0.044662
0.033212
0.034026
0.033571
0.033819
0.033870
0.033633
0.035031
0.033790
0.152090
0.045487
0.033948
0.033681
0.034131
0.034958
0.036872
0.033403
0.033997
0.033442
0.151265
0.037366
0.033928
0.033220
0.034353
0.034340
0.033643
0.034097
0.033405
0.034936
0.151293
0.038485
0.035687
0.035251
0.033160
0.033485
0.033971
0.033386
0.033994
0.033132
0.153080
0.044896
0.035012
0.033590
0.034911
0.033923
0.034028
0.033316
0.033374
0.033411
0.151139
0.036747
0.033265
0.033262
0.033166
0.033949
0.033155
0.034416
0.033236
0.033184
0.151609
0.037571
0.033513
0.033230
0.033767
0.033215
0.034494
0.033225
0.034544
0.033354
0.151889
0.037784
0.034072
0.033506
0.033827
0.033803
0.033423
0.033925
0.034103
0.034990
0.151751
0.045858
0.033689
0.035081
0.033828
0.033906
0.033927
0.034324
0.034299
0.033805
0.152581
0.045798
0.034196
0.033593
0.034091
0.033589
0.035340
0.033645
0.033817
0.033717
0.151431
0.044010
0.033086
0.033494
0.033341
0.033791
0.033327
0.033746
0.033581
0.033312
0.151661
0.045104
0.033260
0.033291
0.033372
0.034020
0.035282
0.033460
0.033759
0.033425
0.152768
0.037806
0.034472
0.034326
0.035045
0.034121
0.034238
0.035933
0.035455
0.033523
0.153049
0.037803
0.034081
0.035589
0.034259
0.034401
0.035072
0.035228
0.034459
0.037663
0.155535
0.038141
0.034388
0.034524
0.039310
0.039747
0.035819
0.035558
0.037583
0.035966
0.162224
0.036493
0.034150
0.035098
0.034768
0.037192
0.038316
0.038101
0.034890
0.034024
0.153557
0.034543
0.034454
0.034168
0.035861
0.036000
0.034504
0.034343
0.034643
0.034594
0.152003
0.037655
0.033605
0.034125
0.033645
0.033931
0.033512
0.034810
0.033702
0.033409
0.151744
0.045668
0.034448
0.036398
0.034118
0.035432
0.035617
0.034716
0.034969
0.033487
0.150685
0.034055
0.033633
0.034346
0.034534
0.035356
0.035665
0.034603
0.034353
0.035096
0.151118
0.037499
0.034204
0.033981
0.033897
0.033690
0.034340
0.034588
0.034236
0.035260
0.153881
0.035160
0.033854
0.034991
0.033297
0.034057
0.034010
0.034546
0.036205
0.034048
