2.103135
0.045897
0.033662
0.033805
0.034125
0.033430
0.034399
0.033561
0.033439
0.034052
0.151552
0.045809
0.033643
0.034004
0.033482
0.034376
0.033440
0.033480
0.034955
0.033943
0.151953
0.045201
0.033833
0.033178
0.034232
0.033542
0.033779
0.034205
0.033418
0.034081
0.151972
0.045734
0.033650
0.033903
0.033465
0.034425
0.034019
0.033435
0.033727
0.033350
0.152455
0.045911
0.034556
0.033485
0.034383
0.033690
0.033463
0.033892
0.033743
0.034112
0.152346
0.045506
0.033640
0.035207
0.034026
0.034460
0.033465
0.034343
0.033343
0.033823
0.151809
0.045568
0.033681
0.033299
0.033648
0.033766
0.034308
0.033953
0.033528
0.033340
0.151744
0.038079
0.033333
0.033969
0.033143
0.033860
0.033395
0.033332
0.033648
0.033289
0.152179
0.164093
0.046439
0.033349
0.033431
