988	349	87	79
992	357	76	69
993	360	79	66
994	357	77	68
991	358	78	67
993	358	77	67
992	361	77	66
992	359	78	70
994	361	77	68
995	362	75	68
992	362	78	67
991	362	75	68
993	363	76	69
991	363	78	68
993	365	76	68
993	366	77	67
989	364	80	70
992	363	77	71
993	365	76	70
990	364	82	72
993	364	76	70
992	366	78	70
990	367	80	70
989	368	79	69
989	367	79	71
991	368	78	72
989	367	81	72
992	370	79	68
990	369	81	72
989	369	81	72
990	371	80	71
992	370	80	73
990	368	79	73
992	370	80	73
992	373	76	70
990	373	81	72
989	374	83	72
987	373	82	73
989	374	81	73
990	374	81	74
988	376	83	72
989	375	79	72
989	375	84	74
988	377	82	74
986	375	84	75
986	378	86	75
986	381	79	72
986	377	83	76
988	380	80	73
987	380	80	76
987	382	82	74
987	381	82	74
986	383	80	73
986	382	81	75
986	384	78	74
986	380	84	78
984	382	82	77
982	384	85	76
985	384	85	76
984	385	80	74
985	385	81	75
984	385	83	76
984	386	82	76
983	387	82	77
984	386	82	77
984	385	83	81
980	387	83	77
981	386	83	79
982	387	82	78
982	393	82	75
982	388	81	80
979	390	84	79
979	388	86	81
981	391	84	82
980	392	85	80
980	392	83	81
979	393	84	79
980	393	83	79
978	392	84	81
977	392	85	80
976	393	87	81
980	395	82	79
979	397	84	77
978	396	88	80
977	396	86	80
980	396	85	80
978	396	84	78
977	397	87	81
974	397	88	81
976	397	86	81
977	397	89	84
975	394	88	84
977	397	86	84
977	401	83	79
975	399	87	82
975	398	85	84
976	400	87	81
976	400	84	81
976	403	83	80
974	402	85	81
975	404	86	80
972	404	87	82
973	402	86	83
973	404	86	82
972	404	85	83
973	406	83	83
974	407	86	83
970	408	87	82
971	406	88	84
972	407	88	83
973	408	86	83
971	409	88	85
972	410	90	84
971	409	89	84
969	410	93	87
969	410	87	87
968	411	89	86
968	413	90	84
967	413	90	85
968	412	89	85
967	412	91	86
966	413	92	85
966	413	92	88
966	414	89	85
967	414	90	84
967	414	86	86
964	413	91	88
963	414	94	88
964	413	92	90
964	412	90	91
963	409	93	94
962	412	96	92
962	412	92	91
963	412	94	93
962	411	94	95
961	412	95	95
962	414	93	94
962	414	91	95
961	413	91	96
961	414	94	97
959	413	96	99
961	413	95	100
959	413	97	99
957	415	101	97
958	413	97	101
959	413	98	101
958	413	94	100
956	412	97	103
956	415	95	101
958	411	96	104
959	412	96	101
959	416	96	96
959	414	94	99
958	413	99	100
956	413	93	101
958	415	94	99
954	412	99	104
954	413	100	103
956	413	99	104
954	413	98	103
956	415	102	100
954	415	98	100
954	415	99	100
952	415	100	102
954	416	99	103
953	419	99	98
954	419	102	101
953	416	102	102
949	419	100	97
950	419	103	100
954	419	101	99
947	422	105	95
949	417	106	101
950	421	105	100
951	420	102	99
950	422	101	96
945	420	109	99
948	422	108	96
946	421	108	98
945	421	105	97
947	420	104	97
947	423	101	96
944	423	106	98
945	424	104	98
943	426	104	96
944	425	101	100
938	424	109	101
942	426	104	99
940	427	107	100
940	424	105	103
938	428	107	100
933	425	113	102
935	426	112	101
937	429	107	99
930	428	110	100
932	429	106	99
935	427	101	102
934	428	106	104
927	430	111	101
928	430	109	101
930	427	105	102
925	430	109	105
927	428	107	108
926	429	103	107
926	430	109	106
923	432	107	107
924	430	105	109
921	437	107	103
921	434	108	107
925	434	102	106
920	437	110	108
923	435	107	111
919	437	107	113
921	440	103	108
921	439	106	108
921	441	110	112
917	439	111	119
919	442	106	116
919	446	107	111
916	444	110	117
915	447	108	115
910	447	114	115
912	450	113	114
914	447	118	120
914	449	109	119
916	455	109	113
911	451	118	123
909	451	114	124
912	452	117	125
914	452	112	123
913	459	110	118
914	455	113	122
912	457	116	122
912	465	112	114
912	462	116	121
908	466	115	118
908	467	116	116
907	459	117	129
907	458	118	130
902	463	119	130
902	471	121	127
903	474	115	130
904	480	118	125
905	481	121	121
899	480	126	125
896	482	124	122
898	482	122	127
898	485	121	123
896	484	128	126
900	486	120	123
897	489	125	116
896	490	132	117
898	487	123	120
898	492	123	119
891	487	140	126
895	494	129	119
894	494	127	121
897	498	120	115
891	497	127	123
896	500	124	115
893	496	127	122
897	502	117	114
895	503	122	123
894	503	123	121
894	506	119	119
896	508	119	118
891	507	123	122
890	507	125	121
895	511	121	123
891	510	126	123
890	516	124	117
891	517	120	117
891	514	124	125
889	520	126	118
887	514	126	126
889	519	129	121
889	520	128	119
885	520	133	122
890	519	124	126
887	520	128	128
887	520	128	128
887	520	129	127
884	520	128	129
884	524	131	126
882	528	133	124
880	521	132	134
885	518	130	132
882	527	133	128
881	524	140	134
883	525	134	131
883	526	135	134
878	527	140	135
878	531	139	130
877	529	137	133
876	532	138	134
875	525	142	140
878	530	135	135
876	533	138	135
876	532	135	135
873	534	140	136
869	522	149	149
875	530	139	142
870	539	137	137
873	534	146	143
869	540	138	135
873	539	135	138
873	547	132	129
869	545	140	135
873	548	135	130
872	550	136	128
871	547	134	132
862	548	139	132
867	545	136	136
866	550	135	129
864	548	134	132
865	544	136	139
867	549	137	135
864	548	132	134
866	549	131	134
864	553	136	132
863	551	138	134
859	545	139	145
860	547	138	141
866	549	132	137
863	553	135	135
861	554	139	136
858	549	142	141
860	553	134	135
851	551	144	141
861	556	133	134
858	555	141	138
854	555	140	142
859	551	133	147
856	552	143	143
854	555	142	141
855	548	142	154
854	557	143	145
853	552	141	146
852	554	144	143
853	554	140	145
851	552	141	148
849	551	140	150
853	556	141	140
847	553	146	146
842	553	150	149
850	553	137	149
852	555	139	142
848	556	141	138
846	556	144	141
846	553	138	143
850	554	131	139
848	556	140	142
848	555	136	142
841	553	143	144
848	557	137	139
846	561	143	136
846	557	135	144
843	557	140	143
843	557	137	142
839	556	145	145
841	558	137	144
837	556	145	145
836	560	148	141
832	557	147	148
837	558	143	147
838	561	138	144
839	562	138	141
835	564	144	141
839	565	139	140
834	563	147	145
837	564	139	143
834	565	142	143
834	568	141	138
835	564	145	145
832	565	141	142
839	569	134	137
829	572	145	139
832	565	136	148
833	566	139	142
833	560	138	157
828	564	143	148
828	566	141	146
827	567	138	146
828	568	135	143
825	570	148	146
823	569	146	145
821	573	144	142
826	571	141	142
823	569	141	148
820	570	152	149
824	573	149	150
825	572	145	154
822	575	145	151
816	574	145	150
820	578	144	143
820	580	148	145
820	577	140	146
823	578	142	142
821	579	150	146
815	582	147	141
814	579	146	144
818	583	144	138
816	580	146	148
810	576	149	148
816	579	147	151
816	580	143	143
816	586	140	137
812	580	145	145
811	580	142	146
811	580	140	146
813	585	139	142
813	584	141	140
813	582	138	141
810	578	145	143
810	583	134	138
811	581	142	137
813	574	140	145
810	572	135	144
816	573	133	142
810	569	136	142
809	568	142	142
811	563	137	143
810	560	134	139
810	552	136	145
811	551	130	142
808	537	137	148
813	535	130	149
807	534	137	147
810	529	133	148
809	529	130	141
806	527	138	141
808	528	132	136
802	526	141	134
808	518	136	141
802	512	136	144
805	511	138	141
803	504	138	146
810	505	131	142
802	500	137	143
802	498	134	141
807	497	130	139
806	494	133	139
804	498	135	135
801	494	136	136
800	490	139	135
800	490	140	134
803	488	139	135
798	481	140	139
807	480	138	139
797	476	140	141
801	475	134	140
800	473	140	140
800	467	142	150
799	467	140	146
800	463	140	147
797	463	143	146
802	467	140	144
798	462	140	147
800	456	143	152
799	455	143	152
796	453	142	154
795	455	148	152
797	450	146	157
796	447	142	161
796	451	142	154
795	446	148	162
793	449	151	157
787	451	152	148
791	455	146	144
796	452	144	145
793	448	142	151
792	446	143	152
794	450	136	143
791	445	145	143
794	448	140	145
791	450	145	137
789	448	139	135
788	444	142	136
789	438	140	139
790	442	139	133
793	437	141	139
793	436	137	141
791	434	140	140
789	432	142	138
790	427	141	139
791	427	137	134
785	425	147	132
