2.125013
0.038111
0.037504
0.037924
0.037143
0.037320
0.038320
0.037632
0.038825
0.036408
0.156584
0.038209
0.037117
0.036838
0.038515
0.036780
0.038300
0.038370
0.037067
0.037956
0.155848
0.037543
0.038126
0.037707
0.037660
0.037815
0.037220
0.037861
0.037629
0.037597
0.156673
0.037529
0.037776
0.038212
0.037330
0.037922
0.037564
0.038035
0.037776
0.038564
0.156346
0.038871
0.036980
0.038988
0.038958
0.037990
0.038219
0.037946
0.037391
0.038090
0.156376
0.037528
0.038217
0.037597
0.037334
0.038628
0.036971
0.038120
0.037009
0.047890
0.157439
0.037702
0.037368
0.037782
0.038632
0.037461
0.038022
0.037467
0.037611
0.038082
0.155823
0.037552
0.038265
0.037397
0.038352
0.037835
0.038645
0.039852
0.038434
0.037604
0.156843
0.037914
0.037495
0.038291
0.037396
0.038473
0.037885
0.037534
0.038272
0.037785
0.156386
0.038192
0.037717
0.037550
0.038222
0.037650
0.038820
0.037994
0.037457
0.037988
0.156067
0.037672
0.038461
0.037333
0.039239
0.038189
0.037480
0.037578
0.038359
0.037919
0.156058
0.037307
0.037875
0.038431
0.038052
0.040602
0.038729
0.038218
0.037916
0.037853
0.156430
0.038229
0.038562
0.038251
0.037443
0.038208
0.037746
0.038566
0.038194
0.038208
0.156700
0.038905
0.037735
0.038689
0.038299
0.038107
0.038506
0.039322
0.038108
0.039020
0.155950
0.037956
0.038578
0.037459
0.038681
0.038275
0.039452
0.037885
0.039650
0.037936
0.156761
0.038755
0.038189
0.038538
0.037916
0.038003
0.038893
0.037878
0.039094
0.039472
0.156565
0.038191
0.039654
0.037853
0.038678
0.037324
0.037814
0.038552
0.037768
0.037828
0.156679
0.037863
0.038495
0.038216
0.037745
0.038828
0.037377
0.037945
0.038640
0.037913
0.156080
0.038548
0.037848
0.038363
0.038134
0.037574
0.038150
0.037755
0.038116
0.038871
0.156001
0.038386
0.038694
0.038502
0.038559
0.037831
0.037770
0.038389
0.037849
0.038835
0.156248
0.038109
0.039179
0.038230
0.038133
0.038786
0.038346
0.038650
0.039624
0.038436
0.156904
0.039995
0.038674
0.038637
0.039542
0.038427
0.038766
0.038693
0.038621
0.039761
0.156940
0.038356
0.039589
0.038875
0.038762
0.038820
0.039286
0.039350
0.038843
0.034722
0.159632
0.038967
0.038577
0.039813
0.038616
0.038761
0.039362
0.038807
0.035586
0.034876
0.153833
0.035171
0.034565
0.034538
0.034798
0.034911
0.035563
0.034714
0.035617
0.034878
0.153677
0.035207
0.034399
0.035316
0.034705
0.034930
0.035192
0.035189
0.038997
0.034790
0.157619
0.035671
0.038159
0.034775
0.034986
0.038236
0.039238
0.034747
0.035146
0.035224
0.153671
0.039415
0.039638
0.035491
0.036435
0.035773
0.038263
0.035491
0.035431
0.035570
0.153620
0.035741
0.035838
0.035346
0.035614
0.035313
0.035169
0.036161
0.034929
0.035774
0.154379
0.036202
0.036635
0.034863
0.046351
0.040919
0.035859
0.034849
0.035280
0.034565
0.247874
0.074364
0.038867
0.067701
0.045190
0.040864
0.036946
0.035365
0.035061
0.035410
0.154589
0.035040
0.035193
0.035976
0.035091
0.036620
0.035504
0.039230
0.036789
0.036335
0.155088
0.039195
0.038958
0.036567
0.034876
0.035249
0.036181
0.035244
0.035806
0.040726
0.160745
0.036572
0.035757
0.035270
0.035812
0.035066
0.035407
0.035947
0.035627
0.035616
0.155132
0.038953
0.039075
0.038075
0.035337
0.037311
0.034880
0.040703
0.040278
0.035441
0.154468
0.035188
0.034858
0.035934
0.035263
0.035646
0.037668
0.034920
0.035713
0.035109
0.155160
0.036172
0.035302
0.036022
0.036009
0.034872
0.035929
0.035235
0.035521
0.034894
0.153602
0.035779
0.034665
0.035393
0.036000
0.034767
0.035467
0.037261
0.035452
0.035696
0.153615
0.034977
0.034722
0.034522
0.036037
0.035030
0.035131
0.034915
0.034969
0.034576
0.154364
0.036526
0.036015
0.035515
0.036069
0.035350
0.035859
0.035230
0.035177
0.036629
0.153473
0.035914
0.036067
0.035347
0.036226
0.036438
0.035210
0.036083
0.035385
0.035687
0.154474
0.036163
0.036527
0.035394
0.035999
0.035590
0.036755
0.038332
0.036605
0.039737
0.155419
0.035940
0.036226
0.037827
0.036738
0.038618
0.037735
0.034922
0.035761
0.035338
0.154734
0.036016
0.035578
0.036160
0.036481
0.035324
0.038927
0.037440
0.038257
0.036378
0.154594
0.034803
0.035551
0.034820
0.035201
0.035528
0.035591
0.035895
0.036065
0.035079
0.154385
0.035067
0.035556
0.036086
0.035022
0.035515
0.035603
0.034870
0.035979
0.035354
0.154254
0.036043
0.035167
0.035799
0.034625
0.034830
0.035711
0.035831
0.036662
0.034717
0.153044
0.035528
0.039724
0.036910
0.036809
0.035288
0.036712
0.035099
0.035968
0.037621
0.158412
0.035032
0.037230
0.040888
0.038961
0.039407
0.035897
