10.819600
0.054251
0.035725
0.034204
0.033821
0.034642
0.034320
0.032619
0.032598
0.032524
0.150673
0.051024
0.034674
0.031989
0.032068
0.035709
0.032823
0.032406
0.032520
0.032250
0.150706
0.044872
0.032538
0.032348
0.032486
0.032916
0.031967
0.032197
0.033019
0.031965
0.150767
0.052207
0.033192
0.032819
0.032447
0.034602
0.032485
0.032393
0.033626
0.032550
0.150842
0.044127
0.032380
0.032993
0.032523
0.032535
0.033434
0.032242
0.033009
0.032846
0.150901
0.053128
0.032671
0.033025
0.033615
0.032085
0.032665
0.032270
0.032733
0.032549
0.149949
0.053357
0.031873
0.032550
0.032459
0.031968
0.034238
0.032926
0.032778
0.033285
0.151664
0.052653
0.045528
0.033160
0.032691
0.032551
0.033823
0.033124
0.033106
0.032858
0.150451
0.051500
0.032881
0.032569
0.032816
0.032609
0.033250
0.032944
0.032384
0.033176
0.152039
0.044047
0.032593
0.033421
0.032746
0.032133
0.032947
0.032269
0.032209
0.032785
0.150958
0.045254
0.032461
0.032242
0.032518
0.032721
0.033929
0.032292
0.032344
0.033139
0.150994
0.045253
0.032724
0.032544
0.032825
0.032499
0.033155
0.032515
0.032694
0.033298
0.150934
0.044403
0.032617
0.032607
0.032673
0.032678
0.033080
0.031831
0.031568
0.032241
0.149536
0.051818
0.031516
0.032215
0.032819
0.032234
0.032191
0.032517
0.032095
0.032224
0.150760
0.051892
0.032712
0.032636
0.032699
0.032311
0.032028
0.033185
0.032176
0.032200
0.150584
0.052259
0.033063
0.032098
0.032585
0.032516
0.032077
0.033382
0.032351
0.032524
0.150938
0.046147
0.033004
0.150975
0.162423
0.052089
0.032319
0.151336
0.051414
0.033091
0.151139
0.051348
0.033234
0.034074
0.033597
0.034454
0.033201
0.033213
0.032202
0.033945
0.152627
0.044730
0.033987
0.035308
0.034376
0.033650
0.033525
0.033239
0.032687
0.032750
0.150754
0.033121
0.032840
0.014523
0.014547
0.014568
0.014520
0.014714
0.014684
0.014568
0.132284
0.043567
0.031841
0.032460
0.031914
0.031855
0.032201
0.031538
0.031908
0.032917
0.149385
0.043937
0.031953
0.031636
0.031724
0.031632
0.031411
0.031945
0.032559
0.032127
0.149840
0.050410
0.031786
0.030980
0.032848
0.031627
0.031269
0.032207
0.031246
0.031695
0.150374
0.043733
0.032711
0.032161
0.031577
0.032063
0.031969
0.031403
0.031672
0.031812
0.149644
0.043625
0.031638
0.032308
0.031230
0.031452
0.032205
0.031946
0.032300
0.032133
0.150883
0.044716
0.032382
0.033058
0.032226
0.032276
0.032917
0.032231
0.031772
0.032033
0.150727
0.047918
0.032576
0.033927
0.032817
0.032331
0.033880
0.032076
0.033518
0.033368
0.151699
0.044730
0.033810
0.032677
0.033459
0.032441
0.032934
0.032437
0.032104
0.032889
0.151611
0.044723
0.032270
0.032093
0.032809
0.032516
0.032194
0.032300
0.031600
0.032029
0.152482
0.044126
0.032186
0.031837
0.032069
0.031635
0.031768
0.033796
0.033329
0.033395
0.151357
0.043986
0.032869
0.031929
0.033527
0.033408
0.032075
0.032419
0.032100
0.031865
0.152035
0.044046
0.032505
0.031915
0.031733
0.032483
0.016399
0.014087
0.013994
0.014049
0.132345
0.026116
0.013903
0.013992
0.014345
0.014174
0.014180
0.014018
0.014009
0.013974
0.132695
0.025840
0.013926
0.014178
0.014305
0.014181
0.014030
0.031780
0.034448
0.031934
0.150601
0.032871
0.031864
0.032244
0.032638
0.033004
0.014439
0.031450
0.031209
0.014215
0.152141
0.044075
0.014359
0.031651
0.014093
0.031913
0.150038
0.026165
0.032262
0.014175
0.150323
0.024804
0.014145
0.014140
0.014318
0.031805
0.031653
0.014017
0.014078
0.013954
0.133161
0.024431
0.150963
0.043459
0.014086
0.032743
0.031540
0.150766
0.043695
0.032838
0.132548
0.026295
0.013776
0.014282
0.014390
0.014275
0.014102
0.014141
0.032140
0.014251
0.132633
0.026184
0.014417
0.014206
0.013906
0.014004
0.014088
0.014119
0.014715
0.014511
0.132280
0.026249
0.014508
0.014225
0.014303
0.013932
0.014128
0.014158
0.014381
0.014117
0.132354
0.026349
0.014223
0.014142
0.031846
0.014209
0.014354
0.014238
0.013976
0.014235
0.132801
0.026291
0.014160
0.014130
0.013964
0.014161
0.013680
0.014272
0.014119
0.014188
0.132476
0.032906
0.014189
0.014190
0.014106
0.014356
0.014217
0.014333
0.014127
0.014170
0.133114
0.026154
0.014128
0.014178
0.014101
0.014548
0.014224
0.014237
0.013944
0.014162
0.132710
0.026163
0.014177
0.014066
0.014153
0.014493
0.014114
0.014291
0.014344
0.014575
0.132954
0.026136
0.014143
0.014145
0.014314
0.014159
0.013907
0.014011
0.013929
0.013976
0.133339
0.026083
0.014241
0.014333
0.014294
0.014384
0.014235
0.032102
0.032274
0.032478
0.150651
0.044076
0.031816
0.032745
0.032048
0.032713
0.032461
0.031780
0.032315
0.032123
0.150288
0.044191
0.033367
0.033090
0.031766
0.032857
0.032537
0.031738
0.032158
0.032593
0.150193
0.044400
0.033847
0.032991
0.031776
0.031993
0.032765
0.031813
0.032203
0.033091
0.150510
0.044745
0.032746
0.152946
0.043922
0.014388
0.014554
0.014494
0.014257
0.013969
0.132077
0.026442
0.014333
0.014387
0.014174
0.014170
0.014303
0.014293
0.014156
0.014144
0.149372
0.026422
0.014152
0.014086
0.014230
0.014154
0.014099
0.014087
0.014199
0.014143
0.132876
0.022178
0.014170
0.014455
0.014567
0.014469
0.014339
0.014186
0.014096
0.014197
0.132652
0.026095
0.014183
0.014064
0.032252
0.014267
0.014273
0.014072
0.014205
0.031502
0.149920
0.021471
0.014593
0.014260
0.031657
0.032810
0.032833
0.031615
0.015730
0.014130
0.151342
0.043972
0.032084
0.032890
0.032455
0.032342
0.032781
0.033730
0.032151
0.033139
0.151790
0.051627
0.032203
0.032801
0.032897
0.032487
0.033110
0.032463
0.031767
0.032003
0.151881
0.044661
0.031821
0.032281
0.032678
0.032393
0.032409
0.032420
0.031728
0.031515
0.150499
0.043972
0.032478
0.032166
0.033184
0.032449
0.032157
0.032680
0.032013
0.031721
0.151521
0.043980
0.032694
0.031852
0.032244
0.032797
0.032405
0.032109
0.032720
0.032131
0.150703
0.043894
0.032300
0.031939
0.031603
0.032333
0.031689
0.031573
0.032283
0.031353
0.149290
0.043654
0.031545
0.032534
0.032237
0.031909
0.031935
0.031986
0.031872
0.033352
0.151015
0.044044
0.032678
0.032544
0.031801
0.031626
0.032568
0.032233
0.031851
0.033149
0.150465
0.044267
0.032280
0.032116
0.032126
0.032223
0.033374
0.032078
0.032053
0.032951
0.151454
0.044900
0.031913
0.031991
0.032725
0.032081
0.033208
0.033051
0.033368
0.032135
0.151221
0.040713
