2.934148
0.048205
0.034389
0.033334
0.034415
0.032857
0.032905
0.033125
0.032497
0.033258
0.151377
0.045997
0.032913
0.033704
0.032748
0.032910
0.033253
0.032896
0.034224
0.033355
0.152019
0.046260
0.033720
0.032986
0.032523
0.032976
0.032433
0.033348
0.032583
0.032502
0.151762
0.046440
0.033009
0.032792
0.033482
0.032727
0.032953
0.032994
0.032865
0.033146
0.151174
0.054365
0.039897
0.034975
0.035246
0.033319
0.032420
0.033290
0.032906
0.033547
0.152079
0.046923
0.033100
0.033324
0.033888
0.032320
0.033625
0.032584
0.032966
0.033207
0.151552
0.046372
0.033159
0.033484
0.032261
0.032296
0.033342
0.032638
0.034460
0.032630
0.151262
0.047360
0.033965
0.033081
0.032804
0.034284
0.032999
0.033734
0.032967
0.032732
0.152449
0.046695
0.032754
0.032682
0.033147
0.032791
0.034976
0.034323
0.033136
0.033162
0.151294
0.046166
0.032893
0.033792
0.033213
0.034000
0.033322
0.034006
0.033859
0.032849
0.153836
0.045899
0.033475
0.034047
0.033461
0.032462
0.032985
0.033447
0.032602
0.033621
0.153600
0.047128
0.032026
0.032676
0.032623
0.032861
0.034002
0.032987
0.032854
0.034223
0.151885
0.045553
0.032833
0.033117
0.032163
0.032901
0.033520
0.032682
0.034344
0.032738
0.152133
0.046089
0.033174
0.032659
