2.105674
0.048870
0.034458
0.035077
0.034108
0.034084
0.033732
0.034207
0.033750
0.033646
0.152674
0.048661
0.034205
0.034622
0.034837
0.033537
0.033443
0.034087
0.033035
0.035119
0.151805
0.049635
0.033646
0.034643
0.033992
0.033482
0.034231
0.033446
0.033561
0.033854
0.151729
0.049029
0.035590
0.035004
0.033556
0.033711
0.033612
0.033399
0.034314
0.033440
0.152010
0.048519
0.034503
0.033896
0.033348
0.034315
0.033394
0.033352
0.033646
0.033167
0.152672
0.049311
0.034727
0.033509
0.033357
0.033635
0.033464
0.034505
0.033663
0.033238
0.152069
0.049183
0.034065
0.033493
0.034182
0.033445
0.033594
0.033568
0.033586
0.035022
0.152174
0.048959
0.033219
0.033863
0.033700
0.033390
0.034129
0.033307
0.033247
0.034178
0.152181
0.048782
0.033131
0.034063
0.033226
0.033202
0.033806
0.033429
0.034200
0.033433
0.152074
0.048242
0.033208
0.033918
0.033111
0.035028
0.033097
0.033166
0.034443
0.033056
0.152997
0.048717
0.034818
0.033279
0.033121
0.033666
0.033118
0.033976
0.032921
0.033049
0.153427
0.048419
0.034045
0.032958
0.033756
0.035302
0.033436
0.034007
0.033649
0.033554
0.152345
0.049302
0.032783
0.032548
0.033499
0.032983
0.032691
0.032935
0.032773
0.034968
0.151059
0.048825
0.033108
0.033650
0.033655
0.033307
0.035004
0.033315
0.033383
0.034379
0.152240
0.048306
0.034170
0.033985
0.033557
0.033547
0.033637
0.033206
0.036397
0.033398
0.151617
0.048655
0.034519
0.034512
0.033283
0.034012
0.033589
0.033477
0.034417
0.033331
0.152988
0.049040
0.033888
0.033510
0.033937
0.033525
0.033490
0.035771
0.034020
0.033861
0.152255
0.050191
0.033549
0.033436
0.033776
0.033352
0.034028
0.034455
0.033522
0.034169
0.151678
0.049020
0.033562
0.034141
0.033902
0.033522
0.034366
0.033310
0.033535
0.033265
0.151405
0.048106
0.033355
0.033741
0.033224
0.034559
0.033326
0.033422
0.033975
0.033322
0.151766
0.048325
0.034528
0.033018
0.033347
0.034578
0.033105
0.033511
0.033707
0.033281
0.152907
0.048131
0.033657
0.033412
0.036227
0.033773
0.033369
0.033897
0.035738
0.035894
0.150911
0.049349
0.032815
0.033150
0.033502
0.032784
0.033633
0.032954
0.035563
0.035949
0.155951
0.048100
0.033085
0.034142
0.032924
0.032927
0.033023
0.033120
0.033889
0.032813
0.154132
0.048330
0.036775
0.036006
0.036143
0.036390
0.035916
0.036242
0.033480
0.036079
0.151985
0.049400
0.035720
0.035822
0.036650
0.035795
0.034276
0.033813
