2.090702
0.052092
0.034667
0.034191
0.034871
0.034108
0.032480
0.032558
0.032371
0.033010
0.150558
0.051888
0.032758
0.033843
0.033765
0.033881
0.032708
0.033264
0.032842
0.033053
0.151387
0.051515
0.032853
0.032964
0.033889
0.033082
0.032717
0.033556
0.032746
0.033101
0.152153
0.051001
0.033293
0.032185
0.032430
0.032681
0.032423
0.033064
0.032801
0.034111
0.151664
0.050976
0.033343
0.032387
0.032585
0.033034
0.032911
0.032565
0.033244
0.032457
0.150989
0.052353
0.033274
0.032595
0.032331
0.033702
0.032580
0.032639
0.033282
0.032509
0.151239
0.052308
0.032468
0.033116
0.032665
0.033044
0.033226
0.032532
0.033297
0.032686
0.150817
0.053960
0.032710
0.033245
0.032732
0.032804
0.033993
0.033401
0.033107
0.033238
0.151286
0.051644
0.033410
0.034483
0.033139
0.033305
0.034284
0.032537
0.032415
0.033317
0.150743
0.051596
0.032281
0.034376
0.032209
0.033302
0.034233
0.032288
0.032368
0.032966
0.150846
0.051522
0.034009
0.032741
0.033303
0.032528
0.032852
0.032899
0.032000
0.033232
0.150608
0.052369
0.033742
0.032449
0.032808
0.032653
0.032501
0.033358
0.032986
0.033749
0.152387
0.051790
0.033816
0.032480
0.033744
0.032623
0.032554
0.033603
0.032110
0.032559
0.151196
0.051099
0.034032
0.032234
0.032388
0.032441
0.032596
0.034379
0.032263
0.032251
0.151370
0.050868
0.034240
0.032347
0.032112
0.032857
0.032335
0.032312
0.032762
0.032189
0.150648
0.050631
0.032329
0.032548
0.031783
0.032019
0.031942
0.032108
0.032688
0.150242
0.169957
0.050668
0.150661
0.050701
0.150277
0.050807
0.033243
0.031777
0.032467
0.032838
0.150063
0.050941
0.031675
0.031873
0.031867
0.032476
0.032907
0.032144
0.032093
0.032457
0.149781
0.051507
0.033509
0.033316
0.033481
0.032999
0.033910
0.034666
0.032801
0.033014
0.151541
0.053039
0.014691
0.014668
0.014670
0.014623
0.014643
0.014802
0.014544
0.014529
0.132903
0.033425
0.014632
0.014345
0.014352
0.014462
0.014906
0.014824
0.014507
0.014527
0.132557
0.033368
0.014721
0.014705
0.014582
0.014715
0.015026
0.014818
0.014654
0.014655
0.132980
0.033458
0.014673
0.014686
0.014643
0.014874
0.014971
0.014565
0.014520
0.014620
0.134377
0.033215
0.014566
0.014601
0.014559
0.015172
0.014686
0.014531
0.014508
0.014516
0.133094
0.033363
0.014483
0.014484
0.014499
0.014677
0.014671
0.014681
0.014671
0.014792
0.133029
0.033333
0.014625
0.014746
0.014844
0.014706
0.014597
0.014790
0.014715
0.014688
0.133511
0.033437
0.014762
0.014978
0.015376
0.014331
0.014664
0.014645
0.014595
0.014783
0.133403
0.033375
0.014736
0.014961
0.014755
0.014669
0.014630
0.014520
0.014495
0.014834
0.133239
0.033357
0.014690
0.014994
0.014730
0.014661
0.014619
0.014468
0.014562
0.032768
0.151148
0.050698
0.151421
0.169594
0.169620
0.169852
0.169500
0.170042
0.169838
0.051237
0.152060
0.050920
0.033301
0.033318
0.151290
0.051010
0.151456
0.050861
0.033525
0.033170
0.151779
0.051199
0.033409
0.034467
0.033047
0.033385
0.033483
0.033201
0.151615
0.051426
0.151430
0.170008
0.053055
0.151407
0.050509
0.032818
0.151390
0.050879
0.032967
0.150699
0.169836
0.170768
0.051271
0.033452
0.014299
0.032428
0.151195
0.033346
0.031656
0.033002
0.150326
0.170549
0.051991
0.035354
0.154556
0.170041
0.052150
0.151186
0.169759
0.051691
0.151400
0.051452
0.014854
0.032307
0.014569
0.014357
0.014547
0.014631
0.014545
0.014558
0.150554
0.051024
0.014567
0.014575
0.015228
0.014574
0.014599
0.014672
0.014577
0.014605
0.132972
0.033485
0.014520
0.014777
0.014629
0.014535
0.014511
0.014624
0.033018
0.033179
0.151171
0.051445
0.032571
0.014695
0.014611
0.014541
0.014535
0.014518
0.014507
0.014668
0.133256
0.033332
0.014476
0.015159
0.014443
0.014352
0.016670
0.032287
0.014776
0.014509
0.132398
0.033626
0.014509
0.032429
0.014577
0.014119
0.014311
0.014508
0.032162
0.032120
0.151232
0.050926
0.032688
0.031780
0.033649
0.032477
0.032440
0.032875
0.032240
0.032441
0.151690
0.051157
0.032256
0.032179
0.032912
0.032311
0.032557
0.031902
0.032855
0.032261
0.151124
0.051164
0.032145
0.032206
0.032134
0.032878
0.032481
0.032206
0.033034
0.032224
0.150483
0.051196
0.031991
0.034171
0.031939
0.032022
0.032319
0.032232
0.032002
0.032274
0.150839
0.051244
0.031867
0.032339
0.032151
0.032339
0.032762
0.032456
0.032135
0.032627
0.151026
0.051819
0.032421
0.031968
0.032758
0.032403
0.032502
0.033066
0.031904
0.032039
0.150738
0.051587
0.032640
0.032451
0.032633
0.032024
0.033304
0.033241
0.031973
0.032038
0.151214
0.050662
0.032642
0.031989
0.031762
0.032243
0.032490
0.033041
0.032557
0.032118
0.150820
0.052473
0.033180
0.032349
0.031793
0.032521
0.032516
0.032140
0.032878
0.032602
0.151140
0.051178
0.032009
0.032611
0.033384
0.032212
0.032600
0.033053
0.151863
0.050949
0.152220
0.051461
0.032779
0.032628
0.150445
0.050767
0.151186
0.051016
0.031664
0.031878
0.151259
0.051234
0.150593
0.051368
0.014254
0.031986
0.014328
0.033532
0.014270
0.014239
0.132688
0.050669
0.014282
0.032761
0.032420
0.031996
0.032730
0.032182
0.032099
0.032947
0.133011
0.033238
0.032260
0.032052
0.032425
0.032388
0.032286
0.032970
0.032263
0.014197
0.132595
0.050860
0.032205
0.151690
0.051103
0.032524
0.013904
0.032064
0.150818
0.169701
0.168881
0.052074
0.032412
0.032200
0.032611
0.032311
0.032055
0.032496
0.149567
0.050942
0.150166
0.051277
0.032160
0.151227
0.050774
0.151139
0.050585
0.032791
0.031856
0.031717
0.151216
0.169503
0.049670
0.031213
0.150688
0.051244
0.032884
0.031998
0.032613
0.032204
0.150073
0.051501
0.032054
0.033439
0.031859
0.032038
0.032905
0.032001
0.031892
0.032918
0.150170
0.051950
0.031787
0.014089
0.033149
0.032070
0.032145
0.032994
0.032278
0.031939
0.150533
0.050852
0.032779
0.031717
0.014096
0.033056
0.014200
0.014051
0.013719
0.014094
0.132948
0.033205
0.014111
0.014133
0.014409
0.014234
0.014086
0.014098
0.014066
0.032928
0.132374
0.051141
0.032928
0.034167
0.032643
0.032125
0.031862
0.032567
0.032220
0.031996
0.151221
0.050825
0.033987
0.033898
0.032354
0.032683
0.032112
0.033089
0.032217
0.014189
0.132581
0.033380
0.013960
0.032002
0.014113
0.033683
0.031983
0.031784
0.032438
0.031642
0.151824
0.050878
0.032544
0.032323
0.032273
0.033815
0.032354
0.032246
0.032567
0.031820
0.151298
0.051108
