1032.71,513.81,151.39999999999986,129.94000000000005
1030.34,500.59,151.3900000000001,129.93
1027.96,487.37,151.38999999999987,129.92999999999995
1025.59,474.14,151.3900000000001,129.94000000000005
1023.21,460.92,151.38999999999987,129.93
1020.84,447.7,151.39,129.93
1020.78,440.57,151.3900000000001,129.93
1020.73,433.44,151.38999999999987,129.93
1020.67,426.31,151.39999999999998,129.94
1020.62,419.18,151.39,129.94
1020.57,412.06,151.39,129.93
1020.51,404.93,151.3900000000001,129.93
1020.46,397.8,151.38999999999987,129.93
1020.41,390.67,151.39,129.94
1020.35,383.54,151.39,129.94
1020.3,376.41,151.3900000000001,129.94
1020.25,369.29,151.3900000000001,129.93
1020.19,362.16,151.38999999999987,129.92999999999995
1020.14,355.03,151.39,129.93
1020.08,347.9,151.39999999999998,129.94
1020.03,340.77,151.3900000000001,129.94
1019.98,333.65,151.38999999999987,129.93
1019.92,326.52,151.39,129.93
1019.87,319.39,151.39,129.93
1019.82,312.26,151.39,129.93
1019.76,305.13,151.3900000000001,129.94
1019.71,298.0,151.38999999999987,129.94
1019.66,290.88,151.39,129.93
1019.6,283.75,151.39,129.93
1020.71,283.59,151.38999999999987,129.93
1021.81,283.43,151.3900000000001,129.93
1022.91,283.27,151.39999999999998,129.93
1024.02,283.11,151.3900000000001,129.93
1025.12,282.95,151.3900000000001,129.93
1026.23,282.79,151.38999999999987,129.93
1027.33,282.63,151.3900000000001,129.93
1028.44,282.47,151.38999999999987,129.92999999999995
1029.54,282.31,151.3900000000001,129.93
1030.65,282.15,151.38999999999987,129.93
1031.75,281.99,151.3900000000001,129.93
1032.85,281.83,151.3900000000001,129.93
1033.96,281.67,151.38999999999987,129.93
1035.06,281.51,151.3900000000001,129.93
1037.53,292.93,151.3900000000001,129.93
1040.0,304.35,151.3900000000001,129.92999999999995
1042.19,313.5,151.38999999999987,129.93
1044.37,322.65,151.4000000000001,129.93
1046.56,331.8,151.3900000000001,129.93
1048.75,340.95,151.3900000000001,129.94
1050.94,350.1,151.38999999999987,129.94
1053.13,359.25,151.38999999999987,129.94
1055.32,368.4,151.3900000000001,129.94
1057.51,377.56,151.3900000000001,129.93
1059.7,386.71,151.38999999999987,129.93
1061.89,395.86,151.38999999999987,129.92999999999995
1064.08,405.01,151.3900000000001,129.93000000000006
1065.08,381.33,151.3900000000001,129.93
1066.09,357.65,151.3900000000001,129.94
1070.62,348.36,151.3900000000001,129.93
1075.15,339.06,151.38999999999987,129.93
1079.68,329.76,151.38999999999987,129.93
1084.21,320.46,151.38999999999987,129.94
1088.74,311.17,151.3900000000001,129.93
1093.27,301.87,151.3900000000001,129.93
1097.8,292.57,151.3900000000001,129.93
1102.33,283.27,151.3900000000001,129.94
1106.86,288.38,151.3900000000001,129.93
1111.39,293.48,151.38999999999987,129.94
1115.92,298.59,151.38999999999987,129.93
1120.45,303.69,151.38999999999987,129.94
1124.98,308.8,151.38999999999987,129.93
1129.51,313.91,151.3900000000001,129.92999999999995
1134.04,319.01,151.3900000000001,129.94
1138.57,324.12,151.3900000000001,129.93
1143.1,329.22,151.3900000000001,129.94
1147.63,334.33,151.38999999999987,129.93
1152.16,339.44,151.38999999999987,129.93
1156.69,344.54,151.38999999999987,129.93
1159.39,346.03,151.38999999999987,129.94000000000005
1162.09,347.52,151.3900000000001,129.94
1164.79,349.01,151.3900000000001,129.94
1167.49,350.5,151.3900000000001,129.94
1170.19,351.99,151.38999999999987,129.94
1172.89,353.48,151.38999999999987,129.94
1175.59,354.97,151.3900000000001,129.94
1178.29,356.46,151.3900000000001,129.94
1177.89,355.51,151.39999999999986,129.93
1177.5,354.56,151.3900000000001,129.93
1177.1,353.6,151.3900000000001,129.94
1176.7,352.65,151.38999999999987,129.93
1176.3,351.69,151.3900000000001,129.94
1175.9,350.74,151.38999999999987,129.93
1175.5,349.79,151.3900000000001,129.93
1175.1,348.83,151.4000000000001,129.94
1174.71,347.88,151.38999999999987,129.93
1174.31,346.93,151.3900000000001,129.93
1173.91,345.97,151.38999999999987,129.94
1173.51,345.02,151.3900000000001,129.93
1173.11,344.07,151.3900000000001,129.93
1172.71,343.11,151.38999999999987,129.94
1172.31,342.16,151.4000000000001,129.92999999999995
1171.92,341.21,151.38999999999987,129.93
1171.52,340.25,151.3900000000001,129.94
1171.12,339.3,151.3900000000001,129.93
1170.72,338.34,151.38999999999987,129.94
1170.32,337.39,151.3900000000001,129.93
1163.49,336.79,151.3900000000001,129.94
1156.65,336.2,151.38999999999987,129.93
1149.81,335.6,151.4000000000001,129.94
1142.98,335.01,151.38999999999987,129.93
1139.43,331.42,151.38999999999987,129.93
1135.88,327.83,151.39999999999986,129.93
1132.34,324.23,151.3900000000001,129.94
1128.79,320.64,151.3900000000001,129.94
1125.24,317.05,151.3900000000001,129.94
1121.7,313.46,151.38999999999987,129.94
1118.15,309.87,151.38999999999987,129.94
1114.6,306.28,151.3900000000001,129.94000000000005
1111.06,302.69,151.3900000000001,129.94
1107.51,299.1,151.3900000000001,129.94
1103.96,295.51,151.38999999999987,129.94
1100.42,291.92,151.38999999999987,129.93
1096.87,288.33,151.3900000000001,129.93
1093.32,284.74,151.3900000000001,129.93
1089.78,281.15,151.3900000000001,129.93
1086.23,277.56,151.38999999999987,129.93
1082.68,273.97,151.38999999999987,129.92999999999995
1079.13,270.38,151.39999999999986,129.93
1075.59,266.79,151.3900000000001,129.93
1072.04,263.2,151.3900000000001,129.93
1068.49,259.61,151.3900000000001,129.93
1062.97,258.66,151.38999999999987,129.92999999999995
1057.44,257.71,151.38999999999987,129.93
1051.91,256.76,151.38999999999987,129.94
1046.38,255.81,151.38999999999987,129.94
1040.85,254.87,151.3900000000001,129.93
1035.32,253.92,151.3900000000001,129.93000000000004
1029.79,252.97,151.3900000000001,129.92999999999998
1024.27,252.02,151.3900000000001,129.93999999999997
1018.74,251.07,151.3900000000001,129.94
1013.21,250.13,151.38999999999987,129.93
1007.68,249.18,151.39,129.93
1007.68,246.79,151.39,129.94000000000003
1007.68,244.41,151.39,129.92999999999998
1007.68,242.03,151.39,129.92999999999998
1007.68,239.64,151.39,129.93
1007.68,237.26,151.39,129.93
1007.68,234.87,151.39,129.94
1007.68,232.49,151.39,129.93
1007.68,230.1,151.39,129.94000000000003
1007.68,227.72,151.39,129.92999999999998
1007.68,225.34,151.39,129.92999999999998
1007.68,222.95,151.39,129.94
1007.68,220.57,151.39,129.93
1007.68,218.18,151.39,129.94
1007.68,215.8,151.39,129.93
1007.68,213.42,151.39,129.93000000000004
1007.68,211.03,151.39,129.92999999999998
1007.68,208.65,151.39,129.92999999999998
1007.68,206.26,151.39,129.94
1007.68,203.88,151.39,129.93
1007.68,201.49,151.39,129.94
1007.68,199.11,151.39,129.93
1007.68,196.73,151.39,129.93000000000004
1007.68,194.34,151.39,129.93999999999997
1010.38,192.63,151.39,129.94
1013.07,190.93,151.39,129.93
1013.52,191.27,151.3900000000001,129.92999999999998
1013.98,191.61,151.38999999999987,129.93
1014.43,191.95,151.39,129.94
1014.88,192.29,151.39,129.94000000000003
1015.33,192.63,151.39,129.94
1015.79,192.98,151.3900000000001,129.93000000000004
1016.24,193.32,151.3900000000001,129.93
1016.69,193.66,151.38999999999987,129.92999999999998
1017.14,194.0,151.39,129.93
1017.6,194.34,151.39,129.93999999999997
1017.39,199.27,151.39,129.93999999999997
1017.19,204.2,151.38999999999987,129.94
1016.99,209.13,151.3900000000001,129.94
1016.78,214.07,151.3900000000001,129.93
1016.58,219.0,151.39,129.93
1016.38,223.93,151.39,129.93
1016.17,228.86,151.39,129.93
1015.97,233.79,151.38999999999987,129.93000000000004
1015.77,238.72,151.3900000000001,129.92999999999998
1015.56,243.65,151.4000000000001,129.92999999999998
1015.36,248.58,151.39,129.92999999999998
1015.16,253.51,151.39,129.94
1017.11,254.88,151.39,129.94
1019.06,256.26,151.3900000000001,129.93
1021.01,257.63,151.3900000000001,129.93
1022.96,259.0,151.38999999999987,129.94
1024.91,260.37,151.38999999999987,129.94
1026.86,261.75,151.3900000000001,129.93
1028.81,263.12,151.3900000000001,129.93
1030.76,264.49,151.3900000000001,129.94
1032.71,265.87,151.38999999999987,129.93
1034.27,262.04,151.3900000000001,129.94
1035.83,261.4,151.3900000000001,129.93
1037.39,260.76,151.38999999999987,129.93
1038.95,260.12,151.38999999999987,129.93
1036.88,256.99,151.38999999999987,129.93
1034.81,253.86,151.3900000000001,129.93
1032.74,250.73,151.3900000000001,129.93000000000004
1030.67,247.6,151.38999999999987,129.92999999999998
1028.6,244.47,151.3900000000001,129.92999999999998
1026.53,241.34,151.3900000000001,129.92999999999998
1024.46,238.21,151.39999999999986,129.93999999999997
1022.39,235.08,151.39999999999998,129.93999999999997
1020.32,231.95,151.39999999999998,129.94
1018.25,228.82,151.4000000000001,129.94
1016.19,225.7,151.38999999999987,129.93
1014.12,222.57,151.39,129.93
1012.05,219.44,151.3900000000001,129.93
1009.98,216.31,151.38999999999987,129.93
1007.91,213.18,151.39,129.93
1005.84,210.05,151.39,129.93
1003.77,206.92,151.3900000000001,129.94000000000003
1001.7,203.79,151.38999999999987,129.94000000000003
999.63,200.66,151.39,129.94000000000003
997.56,197.53,151.3900000000001,129.94000000000003
995.49,194.41,151.3900000000001,129.92999999999998
993.42,191.28,151.39,129.92999999999998
991.35,188.15,151.39,129.92999999999998
989.28,185.02,151.3900000000001,129.92999999999998
987.21,181.89,151.38999999999987,129.93
985.14,178.76,151.39,129.93
983.07,175.63,151.39,129.93
981.0,172.5,151.3900000000001,129.94
977.65,174.48,151.39,129.94000000000003
974.3,176.46,151.3900000000001,129.93999999999997
977.07,178.52,151.39,129.92999999999998
979.84,180.57,151.39,129.94
982.6,182.63,151.39999999999998,129.93
985.37,184.68,151.39,129.93
988.14,186.73,151.39,129.94000000000003
990.91,188.79,151.39,129.93000000000004
993.67,190.84,151.39,129.93999999999997
996.44,192.9,151.38999999999987,129.92999999999998
999.21,194.95,151.38999999999987,129.93
1001.98,197.0,151.38999999999987,129.94
1004.74,199.06,151.3900000000001,129.93
1007.51,201.11,151.3900000000001,129.94
1010.28,203.17,151.3900000000001,129.93000000000004
1013.05,205.22,151.3900000000001,129.94000000000003
1015.81,207.28,151.3900000000001,129.92999999999998
1018.58,209.33,151.39,129.92999999999998
1024.09,203.84,151.3900000000001,129.92999999999998
1029.6,198.34,151.3900000000001,129.93999999999997
1035.12,192.85,151.3900000000001,129.92999999999998
1040.63,187.35,151.38999999999987,129.94000000000003
1046.14,181.86,151.38999999999987,129.93
1051.65,176.36,151.38999999999987,129.94
1057.16,170.87,151.38999999999987,129.93
1062.68,165.38,151.38999999999987,129.93
1068.19,159.88,151.38999999999987,129.94
1073.7,154.39,151.38999999999987,129.93
1079.21,148.89,151.38999999999987,129.94
1084.72,143.4,151.39999999999986,129.92999999999998
1090.24,137.9,151.3900000000001,129.93999999999997
1095.75,132.41,151.3900000000001,129.92999999999998
1101.26,126.92,151.3900000000001,129.93
1106.77,121.42,151.3900000000001,129.94
1112.28,115.93,151.4000000000001,129.93
1117.8,110.43,151.3900000000001,129.94
1123.31,104.94,151.3900000000001,129.93
1123.52,103.94,151.3900000000001,129.93
1123.73,102.94,151.38999999999987,129.94
1123.94,101.94,151.38999999999987,129.94
1124.14,100.95,151.39999999999986,129.93
1124.35,99.95,151.3900000000001,129.93
1124.56,98.95,151.3900000000001,129.93
1124.77,97.95,151.3900000000001,129.93
1124.98,96.95,151.38999999999987,129.93
1125.19,95.95,151.38999999999987,129.94
1125.4,94.95,151.38999999999987,129.94
1125.61,93.96,151.3900000000001,129.93
1124.3,118.24,151.3900000000001,129.94
1122.99,142.53,151.3900000000001,129.92999999999998
1121.68,166.82,151.38999999999987,129.93
1116.11,209.12,151.3900000000001,129.93
1115.0,235.03,151.3900000000001,129.92999999999998
1113.89,260.94,151.38999999999987,129.93
1112.78,286.85,151.3900000000001,129.92999999999995
1111.67,312.76,151.38999999999987,129.94
1111.58,314.61,151.3900000000001,129.94
1111.48,316.46,151.38999999999987,129.94
1111.39,318.32,151.38999999999987,129.93
1115.11,302.6,151.3900000000001,129.92999999999995
1118.82,286.88,151.3900000000001,129.94
1122.54,271.17,151.3900000000001,129.93
1126.26,255.45,151.3900000000001,129.93
1129.98,239.73,151.38999999999987,129.94000000000003
1133.69,224.02,151.38999999999987,129.92999999999998
1137.41,208.3,151.38999999999987,129.93
1141.13,192.58,151.38999999999987,129.93999999999997
1143.3,196.43,151.3900000000001,129.93
1145.47,200.27,151.38999999999987,129.93999999999997
1147.65,204.12,151.38999999999987,129.93
1149.82,207.96,151.3900000000001,129.93999999999997
1151.99,211.81,151.3900000000001,129.93
1154.16,215.65,151.39999999999986,129.92999999999998
1156.34,219.5,151.3900000000001,129.93
1158.51,223.34,151.3900000000001,129.92999999999998
1160.68,227.18,151.38999999999987,129.94
1162.86,231.03,151.3900000000001,129.92999999999998
1165.03,234.87,151.3900000000001,129.94
1161.65,235.22,152.77999999999997,131.42999999999998
1158.26,235.58,154.17000000000007,132.91
1154.88,235.93,155.55999999999995,134.39999999999998
1151.49,236.28,156.96000000000004,135.89000000000001
1148.11,236.63,158.34000000000015,137.38
1144.72,236.98,159.74,138.87000000000003
1141.34,237.33,161.1300000000001,140.35999999999999
1137.96,237.68,162.51,141.86
1134.57,238.03,163.91000000000008,143.35
1131.19,238.38,165.29999999999995,144.84000000000003
1127.8,238.73,166.69000000000005,146.33
1124.42,239.09,168.07999999999993,147.80999999999997
1131.47,207.15,162.51,141.85999999999999
1138.51,175.22,156.96000000000004,135.89000000000001
1145.56,143.28,151.3900000000001,129.94000000000003
1150.46,106.66,151.38999999999987,129.93
1155.36,70.04,151.3900000000001,129.93
1160.26,33.42,151.3900000000001,129.93
1164.35,31.95,154.0300000000002,130.4
1168.45,30.48,156.64999999999986,130.88000000000002
1172.54,29.01,159.28999999999996,131.35000000000002
1174.65,47.4,161.90999999999985,131.82999999999998
1176.75,65.8,164.54999999999995,132.3
1175.76,89.44,151.3900000000001,129.94
1179.77,100.61,151.3900000000001,129.45999999999998
1183.78,111.77,151.3900000000001,128.99
1187.8,122.93,151.3900000000001,128.51
1191.81,134.1,151.3900000000001,128.03
1195.82,145.26,151.3900000000001,127.56
1195.54,119.23,151.4000000000001,127.08999999999999
1198.27,95.38,151.3900000000001,126.25
1201.0,71.54,151.3900000000001,125.39999999999999
1203.73,47.69,151.38999999999987,124.56
1206.46,23.85,151.38999999999987,123.71000000000001
1209.19,0.0,151.38999999999987,122.87
1212.45,0.0,151.38999999999987,122.86
1215.72,0.0,151.38999999999987,122.85
1218.98,0.0,151.38999999999987,122.83
1222.25,0.0,151.3900000000001,122.82
1223.08,1.19,152.22000000000003,125.45
1223.92,2.38,153.04999999999995,128.08
1224.75,3.58,153.8900000000001,130.69
1225.59,4.77,154.71000000000004,133.32
1226.42,5.96,155.54999999999995,135.95
1227.26,7.15,156.3800000000001,138.57999999999998
1228.09,8.35,157.21000000000004,141.20000000000002
1228.92,9.54,158.04999999999995,143.82000000000002
1229.76,10.73,158.87000000000012,146.45000000000002
1230.59,11.92,159.71000000000004,149.08
1230.13,16.82,159.7099999999998,149.08
1229.67,21.72,159.69999999999982,149.08
1229.2,26.62,159.71000000000004,149.07999999999998
1228.74,31.52,159.71000000000004,149.07999999999998
1228.28,36.43,159.70000000000005,149.07
1227.81,41.33,159.71000000000004,149.07
1223.47,45.23,159.71000000000004,149.08
1219.14,49.14,159.69999999999982,149.07999999999998
1214.8,53.05,159.70000000000005,149.07
1208.08,103.05,159.70000000000005,149.07
1208.21,128.61,159.71000000000004,149.07999999999998
1208.34,154.17,159.71000000000004,149.08
1206.49,183.91,159.70000000000005,149.08
1204.63,213.64,159.7099999999998,149.08000000000004
1202.78,243.38,159.70000000000005,149.07999999999998
1200.92,273.12,159.71000000000004,149.07
1199.07,302.85,159.71000000000004,149.07999999999998
1197.21,332.59,159.71000000000004,149.07000000000005
1199.18,338.89,159.71000000000004,149.08000000000004
1201.15,345.19,159.7099999999998,149.07999999999998
1203.12,358.65,159.71000000000004,149.08000000000004
1204.1,365.73,159.70000000000005,149.07999999999993
1205.07,372.81,159.70000000000005,149.07
1206.04,379.88,159.71000000000004,149.08000000000004
1209.28,379.02,159.71000000000004,149.07000000000005
1212.52,378.15,159.71000000000004,149.08000000000004
1215.77,377.28,159.70000000000005,149.08000000000004
1219.01,376.41,159.70000000000005,149.07999999999998
1222.25,375.54,159.71000000000004,149.07999999999998
1225.49,374.68,159.71000000000004,149.07
1228.73,373.81,159.71000000000004,149.07999999999998
1234.16,360.7,159.69999999999982,149.07999999999998
1239.58,347.6,159.70000000000005,149.07
1245.0,334.49,159.71000000000004,149.07999999999998
1250.42,321.38,159.71000000000004,149.07999999999998
1255.84,308.27,159.71000000000004,149.08000000000004
1261.27,295.17,159.70000000000005,149.07999999999998
1260.18,307.24,159.71000000000004,149.07999999999998
1259.1,319.32,159.70000000000005,149.07999999999998
1258.01,331.39,159.71000000000004,149.08000000000004
1262.38,333.78,159.7099999999998,149.08000000000004
1266.75,336.16,159.71000000000004,149.07999999999998
1271.12,338.55,159.71000000000004,149.07