336.4,365.56,390.20000000000005,199.46999999999997
342.0,365.19,391.55999999999995,199.97999999999996
347.6,364.82,392.91999999999996,200.50000000000006
353.2,364.45,394.28000000000003,201.01000000000005
358.8,364.08,395.64000000000004,201.52000000000004
364.4,363.7,396.99,202.04000000000002
370.01,363.33,398.34000000000003,202.55
375.61,362.96,399.69999999999993,203.06
381.21,362.59,401.06,203.57
386.81,362.22,402.42,204.08999999999992
392.41,361.85,403.78000000000003,204.60000000000002
398.01,361.47,405.14,205.12
403.61,361.1,406.5,205.63
409.22,360.73,407.85,206.14
414.82,360.36,409.21,206.64999999999998
420.42,359.99,410.57,207.15999999999997
426.02,359.62,411.93000000000006,207.67999999999995
431.62,359.24,413.28999999999996,208.20000000000005
437.22,358.87,414.65,208.71000000000004
442.82,358.5,416.01000000000005,209.22000000000003
448.42,358.13,417.36999999999995,209.73000000000002
454.03,357.76,418.72,210.24
459.63,357.38,420.08000000000004,210.76
465.23,357.01,421.43999999999994,211.27999999999997
470.83,356.64,422.8,211.78999999999996
476.43,356.27,424.16,212.30000000000007
482.03,355.9,425.52,212.81000000000006
487.63,355.53,426.88,213.32000000000005
493.24,355.15,428.23,213.84000000000003
498.84,354.78,429.59,214.35000000000002
504.44,354.41,430.95,214.86999999999995
510.04,354.04,432.31,215.37999999999994
515.64,353.67,433.66999999999996,215.88999999999993
521.24,353.3,435.03,216.40000000000003
526.84,352.92,436.39,216.92000000000002
532.44,352.55,437.75,217.43
538.05,352.18,439.1,217.94
543.65,351.81,440.46000000000004,218.45
549.25,351.44,441.82000000000005,218.96999999999997
554.85,351.07,443.17999999999995,219.47999999999996
560.45,350.69,444.53999999999996,220.00000000000006
566.05,350.32,445.9000000000001,220.51000000000005
571.65,349.95,447.26,221.02000000000004
577.26,349.58,448.5999999999999,221.53000000000003
582.86,349.21,449.9599999999999,222.04000000000002
588.46,348.84,451.31999999999994,222.56
594.06,348.46,452.68000000000006,223.07999999999998
599.66,348.09,454.0400000000001,223.58999999999997
605.26,347.72,455.4000000000001,224.10000000000002
610.86,347.35,456.7599999999999,224.61
616.47,346.98,458.1099999999999,225.12
622.07,346.6,459.4699999999999,225.64
627.67,346.23,460.83000000000004,226.15999999999997
633.27,345.86,462.19000000000005,226.66999999999996
638.87,345.49,463.55000000000007,227.17999999999995
644.47,345.12,464.9100000000001,227.68999999999994
650.07,344.75,466.26999999999987,228.20000000000005
655.67,344.37,467.63,228.72000000000003
661.28,344.0,468.98,229.23000000000002
666.88,343.63,470.34000000000003,229.75
672.48,343.26,471.70000000000005,230.26
678.08,342.89,473.06000000000006,230.76999999999998
683.68,342.52,474.41999999999996,231.27999999999997
690.44,342.38,474.40999999999985,231.28999999999996
697.19,342.25,474.41999999999985,231.28999999999996
703.95,342.12,474.40999999999985,231.27999999999997
710.7,341.99,474.41999999999985,231.27999999999997
717.46,341.85,474.40999999999985,231.28999999999996
724.21,341.72,474.4200000000001,231.28999999999996
730.97,341.59,474.4100000000001,231.28000000000003
737.72,341.46,474.4200000000001,231.28000000000003
744.48,341.32,474.4100000000001,231.29000000000002
751.23,341.19,474.4200000000001,231.29000000000002
757.99,341.06,474.4100000000001,231.28000000000003
764.74,340.93,474.4200000000001,231.28000000000003
771.5,340.79,474.4100000000001,231.29000000000002
778.25,340.66,474.4200000000001,231.29000000000002
785.01,340.53,474.4100000000001,231.27999999999997
791.76,340.4,474.4200000000001,231.27999999999997
798.52,340.26,474.4100000000001,231.28999999999996
805.27,340.13,474.4200000000001,231.28999999999996
811.92,340.13,467.7700000000001,231.28999999999996
818.56,340.13,461.1300000000001,231.28999999999996
825.21,340.13,454.48,231.28999999999996
831.85,340.13,447.84000000000003,231.28999999999996
838.5,340.13,441.19000000000005,231.28999999999996
845.14,340.13,434.55000000000007,231.28999999999996
851.79,340.13,427.9000000000001,231.28999999999996
858.43,340.13,421.2600000000001,231.28999999999996
865.08,340.13,414.61,231.28999999999996
871.72,340.13,407.97,231.28999999999996
878.37,340.13,401.32000000000005,231.28999999999996
885.01,340.13,394.68000000000006,231.28999999999996
891.66,340.13,388.0300000000001,231.28999999999996
898.3,340.13,381.3900000000001,231.28999999999996
905.91,340.13,373.7800000000001,231.28999999999996
913.52,340.13,366.1700000000001,231.28999999999996
921.13,340.13,358.56000000000006,231.28999999999996
928.74,340.13,350.95000000000005,231.28999999999996
936.35,340.13,343.34000000000003,231.28999999999996
943.96,340.13,335.73,231.28999999999996
951.57,340.13,328.12,231.28999999999996
959.18,340.13,320.5100000000001,231.28999999999996
966.79,340.13,312.9000000000001,231.28999999999996
974.41,340.13,305.2800000000001,231.28999999999996
982.02,340.13,297.6700000000001,231.28999999999996
989.63,340.13,290.06000000000006,231.28999999999996
997.24,340.13,282.45000000000005,231.28999999999996
1004.85,340.13,274.84000000000003,231.28999999999996
1012.46,340.13,267.23,231.28999999999996
1020.07,340.13,259.62,231.28999999999996
1027.68,340.13,252.01,231.28999999999996
1035.29,340.13,244.4000000000001,231.28999999999996
1042.9,340.13,236.78999999999996,231.28999999999996
1050.58,339.14,229.11000000000013,232.27999999999997
1058.27,338.14,221.42000000000007,233.27999999999997
1065.95,337.15,213.74,234.26999999999998
1073.63,336.15,206.05999999999995,235.26999999999998
1081.32,335.16,198.37000000000012,236.25999999999993
1089.0,334.17,190.69000000000005,237.24999999999994
1096.68,333.17,183.01,238.24999999999994
1104.37,332.18,175.32000000000016,239.23999999999995
1112.05,331.18,167.6400000000001,240.23999999999995
1119.73,330.19,159.96000000000004,241.22999999999996
0.0,0.0,0.0,0.0
0.0,0.0,0.0,0.0