892.05,274.21,729.54,348.08
889.11,274.09,730.12,348.78000000000003
886.17,273.97,730.6999999999999,349.49
883.22,273.85,731.29,350.18999999999994
880.28,273.72,731.8700000000001,350.90999999999997
877.33,273.6,732.4599999999999,351.61
874.39,273.48,733.0500000000001,352.30999999999995
871.45,273.36,733.6299999999999,353.02
868.5,273.24,734.22,353.72
865.56,273.12,734.8,354.42999999999995
862.62,272.99,735.38,355.14
859.67,272.87,735.9700000000001,355.84000000000003
856.73,272.75,736.55,356.54999999999995
853.79,272.63,737.1300000000001,357.25
850.84,272.51,737.7199999999999,357.96000000000004
847.9,272.39,738.3000000000001,358.65999999999997
844.95,272.26,738.8999999999999,359.37
842.01,272.14,739.48,360.08000000000004
839.07,272.02,740.0600000000001,360.78
836.12,271.9,740.65,361.48
833.18,271.78,741.2300000000001,362.19000000000005
830.24,271.66,741.81,362.88999999999993
827.29,271.53,742.4000000000001,363.61
824.35,271.41,742.9799999999999,364.31
821.41,271.29,743.5600000000001,365.00999999999993
818.46,271.17,744.1599999999999,365.71999999999997
815.52,271.05,744.74,366.42
812.57,270.93,745.33,367.12999999999994
809.63,270.8,745.91,367.84
806.69,270.68,746.49,368.54
803.74,270.56,747.0799999999999,369.24999999999994
800.8,270.44,747.6600000000001,369.95
797.86,270.32,748.2399999999999,370.65000000000003
794.91,270.2,748.83,371.35999999999996
791.97,270.07,749.4100000000001,372.07
789.03,269.95,750.0,372.78000000000003
786.08,269.83,750.59,373.47999999999996
783.14,269.71,751.17,374.18
780.19,269.59,751.76,374.89000000000004
777.25,269.47,752.3399999999999,375.5899999999999
774.31,269.34,752.9200000000001,376.31
771.36,269.22,753.5099999999999,377.01
768.42,269.1,754.09,377.7099999999999
765.48,268.98,754.6700000000001,378.41999999999996
762.53,268.86,755.26,379.12
759.59,268.74,755.85,379.81999999999994
756.65,268.61,756.43,380.53999999999996
753.7,268.49,757.02,381.24
750.76,268.37,757.5999999999999,381.95000000000005
747.81,268.25,758.19,382.65
749.48,267.72,756.1500000000001,383.18999999999994
751.14,267.18,754.12,383.72999999999996
752.81,266.65,752.0900000000001,384.27
754.47,266.12,750.06,384.79999999999995
756.14,265.58,748.0200000000001,385.34999999999997
757.8,265.05,745.99,385.87999999999994
759.47,264.52,743.96,386.4200000000001
761.13,263.98,741.93,386.97
762.8,263.45,739.8900000000001,387.50000000000006
764.46,262.92,737.8599999999999,388.04
766.13,262.38,735.83,388.58000000000004
767.79,261.85,733.8,389.12
769.46,261.32,731.76,389.65000000000003
771.12,260.78,729.7299999999999,390.20000000000005
772.79,260.25,727.7,390.74
774.45,259.72,725.6699999999998,391.27
776.12,259.18,723.63,391.82
777.78,258.65,721.6000000000001,392.35
779.45,258.12,719.5699999999999,392.89
781.11,257.58,717.5400000000001,393.43
782.78,257.05,715.5,393.96999999999997
784.44,256.52,713.47,394.51
786.11,255.98,711.4399999999999,395.04999999999995
787.77,255.45,709.4100000000001,395.59
789.44,254.92,707.3699999999999,396.12
791.1,254.38,705.34,396.66999999999996
792.77,253.85,703.31,397.19999999999993
794.43,253.32,701.2800000000001,397.73999999999995
796.1,252.78,699.2399999999999,398.2900000000001
797.76,252.25,697.21,398.82000000000005
799.43,251.71,695.18,399.37
801.09,251.18,693.15,399.90000000000003
802.76,250.65,691.1099999999999,400.44000000000005
804.42,250.11,689.08,400.98
806.09,249.58,687.0500000000001,401.52
807.75,249.05,685.02,402.06
809.42,248.51,682.9800000000001,402.6
811.08,247.98,680.9499999999999,403.14
812.75,247.45,678.9200000000001,403.67
814.41,246.91,676.89,404.22
816.08,246.38,674.85,404.75
817.74,245.85,672.8199999999999,405.28999999999996
819.41,245.31,670.7900000000001,405.84
821.07,244.78,668.7599999999999,406.37
822.74,244.25,666.72,406.90999999999997
824.4,243.71,664.6899999999999,407.44999999999993
826.07,243.18,662.66,407.98999999999995
827.73,242.65,660.6299999999999,408.52
829.4,242.11,658.59,409.06999999999994
831.06,241.58,656.56,409.61
832.73,241.05,654.53,410.14000000000004
834.39,240.51,652.5000000000001,410.69000000000005
836.06,239.98,650.46,411.22
837.72,239.45,648.4300000000001,411.76000000000005
839.39,238.91,646.4,412.30000000000007
841.05,238.38,644.3700000000001,412.84000000000003
842.72,237.85,642.3299999999999,413.38
844.38,237.31,640.3000000000001,413.92
846.05,236.78,638.27,414.46000000000004
847.71,236.25,636.24,414.99
849.38,235.71,634.1999999999999,415.53999999999996
851.04,235.18,632.1700000000001,416.07
852.71,234.65,630.1299999999999,416.61
854.37,234.11,628.11,417.15999999999997
856.04,233.58,626.0699999999999,417.68999999999994
857.7,233.05,624.04,418.22999999999996
859.37,232.51,621.9999999999999,418.77
861.03,231.98,619.98,419.30999999999995
862.7,231.45,617.94,419.84
864.36,230.91,615.91,420.39
866.03,230.38,613.8700000000001,420.92999999999995
867.69,229.85,611.8499999999999,421.4599999999999
869.36,229.31,609.8100000000001,422.01000000000005
866.65,229.13,607.7800000000001,422.53999999999996
863.94,228.95,605.75,423.08
861.23,228.77,603.72,423.62
858.53,228.59,601.6800000000001,424.15999999999997
855.82,228.41,599.65,424.70000000000005
853.11,228.23,597.62,425.24
850.41,228.05,595.58,425.77000000000004
847.7,227.87,593.55,426.30999999999995
844.99,227.69,591.52,426.84999999999997
842.29,227.5,589.48,427.4
839.58,227.32,587.4499999999999,427.94
836.87,227.14,585.43,428.48
834.16,226.96,583.4,429.01
831.46,226.78,581.3599999999999,429.55000000000007
828.75,226.6,579.3299999999999,430.09000000000003
826.04,226.42,577.3,430.63
823.34,226.24,575.2599999999999,431.16999999999996
820.63,226.06,573.2299999999999,431.71
817.92,225.88,571.1999999999999,432.24
815.21,225.7,569.1700000000001,432.78000000000003
812.51,225.52,567.1300000000001,433.32000000000005
809.8,225.34,565.1000000000001,433.86
809.04,225.7,559.3600000000001,433.71999999999997
808.28,226.06,553.6100000000001,433.58
807.53,226.42,547.8600000000001,433.43000000000006
806.77,226.78,542.1200000000001,433.2900000000001
806.01,227.14,536.3700000000001,433.15
805.25,227.5,530.6300000000001,433.01
804.49,227.86,524.8900000000001,432.87
803.73,228.23,519.1500000000001,432.72
802.97,228.59,513.3999999999999,432.56999999999994
802.21,228.95,507.65999999999985,432.43
801.46,229.31,501.90999999999985,432.29
800.7,229.67,496.15999999999985,432.1500000000001
799.94,230.03,490.41999999999985,432.01
799.18,230.39,484.67999999999995,431.86
798.42,230.75,478.92999999999995,431.72
797.66,231.12,473.18999999999994,431.57000000000005
796.9,231.48,467.44999999999993,431.42999999999995
796.15,231.84,461.69999999999993,431.28999999999996
795.39,232.2,455.94999999999993,431.15000000000003
794.63,232.56,450.2099999999999,430.99999999999994
793.87,232.92,444.4699999999999,430.86
793.11,233.28,438.7199999999999,430.72
792.35,233.64,432.9799999999999,430.58000000000004
791.59,234.0,427.2399999999999,430.44000000000005
790.84,234.37,421.4799999999999,430.28
790.08,234.73,415.7399999999999,430.14
789.32,235.09,409.9999999999999,430.0
788.56,235.45,404.26,429.85999999999996
787.8,235.81,398.51,429.71999999999997
787.04,236.17,392.77,429.58000000000004
786.28,236.53,387.03,429.43000000000006
785.53,236.89,381.27,429.28999999999996
784.77,237.26,375.53,429.14
782.08,238.81,375.52999999999986,429.15000000000003
779.39,240.37,375.5300000000001,429.15
776.7,241.93,375.53,429.15000000000003
774.01,243.49,375.53,429.15
771.32,245.05,375.52999999999986,429.14000000000004
768.63,246.61,375.5300000000001,429.14
765.94,248.17,375.53,429.14
763.25,249.73,375.53,429.14
760.56,251.29,375.53,429.14
757.87,252.84,375.5300000000001,429.15
755.18,254.4,375.5300000000001,429.15
752.49,255.96,375.53,429.15
749.8,257.52,375.53,429.14
747.11,259.08,375.5300000000001,429.14000000000004
744.42,260.64,375.5300000000001,429.14
741.73,262.2,375.53,429.14000000000004
739.04,263.76,375.53,429.14
736.35,265.32,375.5300000000001,429.14000000000004
733.66,266.87,375.5300000000001,429.15
730.97,268.43,375.53,429.15000000000003
728.28,269.99,375.53999999999996,429.15
725.59,271.55,375.5400000000001,429.14000000000004
722.9,273.11,375.5400000000001,429.14
720.21,274.67,375.53999999999996,429.13999999999993
717.52,276.23,375.53999999999996,429.14
714.83,277.79,375.53999999999985,429.13999999999993
712.14,279.34,375.5400000000001,429.15000000000003
709.45,280.9,375.53999999999996,429.15
706.76,282.46,375.53999999999996,429.15000000000003
704.07,284.02,375.53999999999985,429.15
701.39,285.58,375.5300000000001,429.14000000000004
698.7,287.14,375.53,429.14
696.01,288.7,375.53,429.14000000000004
693.32,290.26,375.52999999999986,429.14
690.63,291.82,375.5300000000001,429.14000000000004
687.94,293.37,375.53,429.15
685.25,294.93,375.53,429.15000000000003
682.56,296.49,375.53,429.15
679.87,298.05,375.5300000000001,429.14000000000004
677.41,299.84,378.64,427.8
674.94,301.63,381.76,426.45000000000005
672.48,303.42,384.8599999999999,425.09999999999997
670.02,305.2,387.97,423.76000000000005
667.56,306.99,391.08000000000015,422.40999999999997
665.1,308.78,394.18999999999994,421.06000000000006
662.63,310.57,397.30000000000007,419.71
660.17,312.36,400.40999999999997,418.37
657.71,314.14,403.52,417.03
655.25,315.93,406.6300000000001,415.68
652.79,317.72,409.74,414.3299999999999
650.32,319.51,412.85,412.98
647.86,321.3,415.9599999999999,411.62999999999994
645.4,323.08,419.07000000000005,410.29
642.94,324.87,422.17999999999984,408.95000000000005
640.48,326.66,425.28,407.59999999999997
638.02,328.45,428.3900000000001,406.25000000000006
635.55,330.24,431.51,404.9
633.09,332.02,434.62,403.56000000000006
630.63,333.81,437.7299999999999,402.21
628.17,335.6,440.83000000000004,400.86
625.71,337.39,443.94000000000005,399.52
623.24,339.18,447.05999999999995,398.17
620.78,340.96,450.1700000000001,396.83
618.32,342.75,453.27999999999986,395.48
615.86,344.54,456.38,394.12999999999994
613.4,346.33,459.4900000000001,392.78000000000003
610.93,348.12,462.61,391.42999999999995
608.47,349.91,465.72,390.09
606.01,351.69,468.81999999999994,388.75000000000006
603.55,353.48,471.93000000000006,387.4
601.09,355.27,475.0400000000001,386.05000000000007
598.63,357.06,478.15,384.7
596.16,358.85,481.2700000000001,383.35
593.7,360.63,484.3699999999999,382.01
591.24,362.42,487.48,380.67
588.78,364.21,490.5899999999999,379.32
586.32,366.0,493.69999999999993,377.97
583.85,367.79,496.82000000000005,376.61999999999995
581.39,369.57,499.91999999999996,375.28000000000003
578.93,371.36,503.0300000000001,373.92999999999995
576.47,373.15,506.1399999999999,372.58000000000004
574.01,374.94,509.25,371.23999999999995
571.54,376.73,512.3600000000001,369.89
569.08,378.51,515.4699999999999,368.54999999999995
566.62,380.3,518.58,367.2
566.27,382.15,518.5799999999999,367.19000000000005
565.91,383.99,518.58,367.20000000000005
565.56,385.83,518.5800000000002,367.2
565.21,387.68,518.5699999999999,367.2
564.85,389.52,518.58,367.20000000000005
564.5,391.37,518.5799999999999,367.18999999999994
564.14,393.21,518.58,367.2
563.79,395.05,518.5799999999999,367.2
563.44,396.9,518.5699999999999,367.20000000000005
563.08,398.74,518.58,367.20000000000005
562.73,400.59,518.5799999999999,367.19
562.37,402.43,518.58,367.2
562.02,404.27,518.5799999999999,367.20000000000005
561.67,406.12,518.58,367.20000000000005
561.31,407.96,518.5800000000002,367.2
560.96,409.81,518.5799999999999,367.19
560.6,411.65,518.58,367.20000000000005
560.25,413.49,518.5799999999999,367.20000000000005
559.9,415.34,518.58,367.2
559.54,417.18,518.5799999999999,367.2
559.19,419.03,518.5799999999999,367.19000000000005
558.84,420.87,518.57,367.20000000000005
558.48,422.71,518.5799999999999,367.2
558.13,424.56,518.58,367.2
557.77,426.4,518.5799999999999,367.20000000000005
557.42,428.25,518.58,367.19000000000005
557.07,430.09,518.57,367.2
556.71,431.93,518.5799999999999,367.2
556.36,433.78,518.58,367.19000000000005
556.0,435.62,518.5799999999999,367.20000000000005
555.65,437.47,518.58,367.18999999999994
555.3,439.31,518.5699999999999,367.2
554.94,441.15,518.5799999999999,367.20000000000005
554.59,443.0,518.58,367.19000000000005
554.23,444.84,518.5799999999999,367.2
553.88,446.69,518.58,367.19
553.53,448.53,518.5799999999999,367.20000000000005
553.17,450.37,518.58,367.20000000000005
552.82,452.22,518.58,367.18999999999994
552.46,454.06,518.5799999999999,367.2
552.11,455.91,518.58,367.19
551.76,457.75,518.5799999999999,367.20000000000005
551.4,459.59,518.58,367.2
551.05,461.44,518.5800000000002,367.19
550.7,463.28,518.5699999999999,367.20000000000005
550.34,465.13,518.58,367.19000000000005
549.99,466.97,518.5799999999999,367.19999999999993
549.63,468.81,518.58,367.2
549.28,470.66,518.5799999999999,367.19
548.93,472.5,518.57,367.20000000000005
548.57,474.34,518.58,367.2
548.22,476.19,518.5799999999999,367.2
547.86,478.03,518.58,367.20000000000005
547.51,479.88,518.5799999999999,367.19000000000005
547.16,481.72,518.57,367.19999999999993
546.8,483.56,518.5800000000002,367.2
546.45,485.41,518.5799999999999,367.2
546.09,487.25,518.58,367.20000000000005
545.74,489.1,518.5799999999999,367.18999999999994
545.39,490.94,518.58,367.2
545.03,492.78,518.5799999999999,367.20000000000005
544.68,494.63,518.58,367.20000000000005
544.32,496.47,518.58,367.19999999999993
543.97,498.32,518.5799999999999,367.19
543.97,498.32,485.23,289.68
543.87,499.79,484.41999999999996,288.84
543.76,501.26,483.6200000000001,288.0
543.66,502.73,482.80000000000007,287.16999999999996
543.55,504.21,482.0,286.32
543.44,505.68,481.20000000000005,285.47999999999996
543.34,507.15,480.39,284.64
543.23,508.62,479.59000000000003,283.80999999999995
543.13,510.1,478.78,282.9599999999999
543.02,511.57,477.97,282.12000000000006
542.92,513.04,477.1600000000001,281.2800000000001
542.81,514.51,476.36,280.45000000000005
542.71,515.99,475.54999999999995,279.6
542.6,517.46,474.75,278.76
542.5,518.93,473.94000000000005,277.9200000000001
542.39,520.4,473.13,277.09000000000003
542.29,521.88,472.32000000000005,276.24
542.18,523.35,471.5200000000001,275.4
542.08,524.82,470.7099999999999,274.55999999999995
541.97,526.29,469.90999999999997,273.72
541.87,527.77,469.09000000000003,272.88
541.76,529.24,468.28999999999996,272.03999999999996
541.66,530.71,467.48,271.19999999999993
541.55,532.18,466.68000000000006,270.36
541.45,533.66,465.87,269.52
541.34,535.13,465.06999999999994,268.67999999999995
541.24,536.6,464.25,267.84000000000003
541.13,538.08,463.45000000000005,266.99
541.03,539.55,462.64,266.1600000000001
540.92,541.02,461.84000000000003,265.32000000000005
540.82,542.49,461.03,264.48
540.71,543.97,460.23,263.63
540.6,545.44,459.41999999999996,262.79999999999995
540.5,546.91,458.61,261.96000000000004
540.39,548.38,457.81000000000006,261.12
540.04,549.16,457.80000000000007,261.12
539.68,549.93,457.80000000000007,261.12
539.32,550.71,457.79999999999995,261.12
538.96,551.49,457.79999999999995,261.11
538.6,552.26,457.79999999999995,261.12
538.24,553.04,457.79999999999995,261.11
537.88,553.81,457.79999999999995,261.12
537.52,554.59,457.80000000000007,261.12
537.16,555.36,457.80000000000007,261.12
536.8,556.14,457.81000000000006,261.12
536.44,556.92,457.80999999999995,261.11
536.08,557.69,457.80999999999995,261.1199999999999
535.72,558.47,457.80999999999995,261.11
535.36,559.24,457.80999999999995,261.12
535.0,560.02,457.80999999999995,261.12
534.64,560.8,457.81000000000006,261.11
534.28,561.57,457.81000000000006,261.12
533.92,562.35,457.81000000000006,261.11
533.56,563.12,457.81000000000006,261.12
533.2,563.9,457.80999999999995,261.12
532.85,564.67,457.79999999999995,261.12
532.49,565.45,457.79999999999995,261.12
532.13,566.23,457.79999999999995,261.11
531.77,567.0,457.80000000000007,261.12
531.41,567.78,457.80000000000007,261.11
531.05,568.55,457.80000000000007,261.12
530.69,569.33,457.79999999999995,261.12
530.33,570.1,457.79999999999995,261.12
529.97,570.88,457.79999999999995,261.12
529.61,571.66,457.80999999999995,261.11
529.25,572.43,457.80999999999995,261.12
528.89,573.21,457.81000000000006,261.11
528.53,573.98,457.81000000000006,261.12
528.17,574.76,457.81000000000006,261.12
527.81,575.53,457.81000000000006,261.12
527.45,576.31,457.80999999999995,261.12
527.09,577.09,457.80999999999995,261.11
526.73,577.86,457.80999999999995,261.12
526.37,578.64,457.80999999999995,261.11
526.01,579.41,457.81000000000006,261.12
525.66,580.19,457.80000000000007,261.1199999999999
525.3,580.96,457.80000000000007,261.12
524.94,581.74,457.79999999999995,261.12
524.58,582.52,457.79999999999995,261.11
524.22,583.29,457.79999999999995,261.12
523.86,584.07,457.79999999999995,261.12
523.5,584.84,457.79999999999995,261.12
523.14,585.62,457.80000000000007,261.12
522.78,586.4,457.80000000000007,261.11
522.42,587.17,457.81000000000006,261.12
522.06,587.95,457.81000000000006,261.1099999999999
521.7,588.72,457.80999999999995,261.12
521.34,589.5,457.80999999999995,261.12
520.98,590.27,457.80999999999995,261.12
520.62,591.05,457.80999999999995,261.12
520.26,591.83,457.81000000000006,261.11
519.9,592.6,457.81000000000006,261.12
519.54,593.38,457.81000000000006,261.11
519.18,594.15,457.81000000000006,261.12
518.82,594.93,457.80999999999995,261.12
518.47,595.7,457.79999999999995,261.12
518.11,596.48,457.79999999999995,261.12
517.75,597.26,457.79999999999995,261.11
517.06,598.09,457.81000000000006,261.11
516.37,598.92,457.80999999999995,261.11
515.69,599.75,457.79999999999995,261.12
515.0,600.58,457.80999999999995,261.12
514.31,601.41,457.81000000000006,261.12
513.63,602.24,457.79999999999995,261.12
512.94,603.07,457.80999999999995,261.12
512.26,603.9,457.79999999999995,261.12
511.57,604.73,457.8,261.12
510.88,605.56,457.81000000000006,261.12
510.2,606.4,457.8,261.11
509.51,607.23,457.81000000000006,261.11
508.82,608.06,457.81,261.11
508.14,608.89,457.80000000000007,261.11
507.45,609.72,457.81,261.12
506.77,610.55,457.80000000000007,261.12
506.08,611.38,457.8,261.12
505.39,612.21,457.81000000000006,261.12
504.71,613.04,457.8,261.12
504.02,613.87,457.81000000000006,261.12
503.33,614.7,457.81,261.12
502.65,615.53,457.80000000000007,261.12
501.96,616.37,457.81,261.11
501.27,617.2,457.81000000000006,261.1099999999999
500.59,618.03,457.8,261.11
499.9,618.86,457.81000000000006,261.12
499.22,619.69,457.79999999999995,261.1199999999999
498.53,620.52,457.80000000000007,261.12
497.84,621.35,457.81,261.12
497.16,622.18,457.8,261.12
496.47,623.01,457.80999999999995,261.12
495.78,623.84,457.81000000000006,261.12
495.1,624.67,457.79999999999995,261.12
494.89,625.01,457.41999999999996,260.82000000000005
494.68,625.35,457.03000000000003,260.51
494.47,625.69,456.64,260.19999999999993
494.26,626.03,456.26,259.9
494.05,626.37,455.86999999999995,259.59000000000003
493.83,626.7,455.50000000000006,259.29999999999995
493.62,627.04,455.11,258.99
493.41,627.38,454.71999999999997,258.69000000000005
493.2,627.72,454.34,258.38
492.99,628.06,453.95000000000005,258.08000000000004
492.78,628.4,453.56000000000006,257.77
492.57,628.73,453.18,257.48
492.36,629.07,452.78999999999996,257.16999999999996
492.15,629.41,452.4,256.87
491.94,629.75,452.02000000000004,256.55999999999995
491.73,630.09,451.63,256.25
491.52,630.43,451.25,255.95000000000005
491.31,630.76,450.85999999999996,255.64999999999998
491.1,631.1,450.47,255.35000000000002
490.89,631.44,450.09000000000003,255.03999999999996
490.68,631.78,449.7,254.74
490.47,632.12,449.30999999999995,254.42999999999995
490.26,632.45,448.93000000000006,254.14
490.05,632.79,448.54,253.83000000000004
489.84,633.13,448.16,253.52999999999997
489.63,633.47,447.77,253.22000000000003
489.41,633.81,447.38999999999993,252.92000000000007
489.2,634.15,447.01000000000005,252.61
488.99,634.48,446.62,252.30999999999995
488.78,634.82,446.23,252.01
488.57,635.16,445.84999999999997,251.70000000000005
488.36,635.5,445.46000000000004,251.39999999999998
488.15,635.84,445.08000000000004,251.08999999999992
487.94,636.18,444.69,250.79000000000008
487.73,636.51,444.29999999999995,250.49
487.52,636.85,443.9200000000001,250.18999999999994
487.31,637.19,443.53000000000003,249.88
487.1,637.53,443.14,249.58000000000004
486.89,637.87,442.76,249.26999999999998
486.68,638.21,442.36999999999995,248.9699999999999
486.47,638.54,441.98,248.67000000000007
486.26,638.88,441.6,248.36
486.05,639.22,441.21,248.05999999999995
485.84,639.56,440.83,247.75
485.63,639.9,440.44000000000005,247.45000000000005
485.42,640.24,440.05,247.14
485.21,640.57,439.67,246.8499999999999
484.99,640.91,439.28999999999996,246.54000000000008
484.78,641.25,438.9,246.24
484.57,641.59,438.52000000000004,245.92999999999995
484.36,641.93,438.13,245.63
484.15,642.27,437.75,245.32000000000005
483.94,642.6,437.35999999999996,245.01999999999998
483.73,642.94,436.97,244.7199999999999
483.52,643.28,436.59000000000003,244.41000000000008
483.31,643.62,436.2,244.11
483.1,643.96,435.80999999999995,243.79999999999995
482.89,644.3,435.43000000000006,243.5
482.68,644.63,435.04,243.20000000000005
482.47,644.97,434.65999999999997,242.89999999999998
482.26,645.31,434.27,242.59000000000003
482.05,645.65,433.87999999999994,242.29000000000008
481.84,645.99,433.50000000000006,241.98000000000002
481.63,646.33,433.11,241.67999999999995
481.42,646.66,432.71999999999997,241.38
481.21,647.0,432.34,241.07000000000005
481.0,647.34,431.95000000000005,240.76999999999998
480.79,647.68,431.56,240.46000000000004
480.57,648.02,431.19,240.15999999999997
480.36,648.36,430.79999999999995,239.85000000000002
480.15,648.69,430.4200000000001,239.55999999999995
479.94,649.03,430.03000000000003,239.25
479.73,649.37,429.64,238.95000000000005
479.52,649.71,429.26,238.64
479.31,650.05,428.86999999999995,238.34000000000003
479.1,650.39,428.48,238.02999999999997
478.89,650.72,428.1,237.74
478.68,651.06,427.71,237.43000000000006
478.47,651.4,427.3299999999999,237.12
478.26,651.74,426.94000000000005,236.81999999999994
478.05,652.08,426.55,236.51
477.84,652.42,426.17,236.21000000000004
477.63,652.75,425.78,235.90999999999997
477.42,653.09,425.38999999999993,235.61
477.21,653.43,425.01000000000005,235.30000000000007
477.0,653.77,424.62,235.0
476.79,654.11,424.22999999999996,234.68999999999994
476.58,654.45,423.84999999999997,234.39
476.37,654.78,423.46000000000004,234.09000000000003
476.15,655.12,423.09000000000003,233.78999999999996
475.94,655.46,422.7,233.48000000000002
475.73,655.8,422.30999999999995,233.17000000000007
475.52,656.14,421.93000000000006,232.87
476.08,656.02,421.53000000000003,232.57000000000005
476.63,655.9,421.15,232.26
477.18,655.78,420.77000000000004,231.96000000000004
477.74,655.66,420.38,231.64999999999998
478.29,655.54,419.98999999999995,231.35000000000002
478.84,655.42,419.61000000000007,231.05000000000007
479.4,655.3,419.22,230.74
479.95,655.18,418.84,230.44000000000005
480.5,655.06,418.45000000000005,230.1400000000001
481.06,654.94,418.06,229.82999999999993
481.61,654.82,417.67999999999995,229.52999999999997
482.16,654.7,417.3,229.2299999999999
482.71,654.58,416.91,228.91999999999996
483.27,654.46,416.52,228.62
483.82,654.34,416.14000000000004,228.31999999999994
484.37,654.22,415.75,228.01
484.93,654.1,415.35999999999996,227.70999999999992
485.48,653.98,414.98,227.39999999999998
486.03,653.86,414.6,227.10000000000002
486.59,653.74,414.2,226.79999999999995
487.14,653.62,413.82000000000005,226.49
487.69,653.5,413.44,226.19000000000005
488.25,653.38,413.04999999999995,225.89
488.8,653.26,412.66,225.58000000000004
489.35,653.14,412.28,225.27999999999997
489.91,653.02,411.88999999999993,224.98000000000002
490.46,652.9,411.51000000000005,224.67000000000007
491.01,652.78,411.12,224.37
491.57,652.66,410.72999999999996,224.07000000000005
492.12,652.54,410.35,223.76
492.67,652.42,409.96999999999997,223.46000000000004
493.23,652.3,409.56999999999994,223.16000000000008
493.78,652.18,409.19000000000005,222.85000000000002
494.33,652.06,408.81,222.55000000000007
494.89,651.94,408.40999999999997,222.2399999999999
495.44,651.82,408.03000000000003,221.93999999999994
495.99,651.7,407.65,221.64
496.54,651.58,407.2699999999999,221.32999999999993
497.1,651.46,406.87,221.02999999999997
497.65,651.34,406.49,220.73000000000002
498.2,651.22,406.10999999999996,220.41999999999996
498.76,651.1,405.72,220.12
499.31,650.98,405.33,219.81999999999994
499.86,650.86,404.94999999999993,219.51
500.42,650.74,404.56,219.21000000000004
500.97,650.62,404.17999999999995,218.90999999999997
501.52,650.5,403.78999999999996,218.60000000000002
502.11,650.42,403.40999999999997,218.29000000000008
502.7,650.33,403.02000000000004,217.99
503.29,650.24,402.62999999999994,217.68999999999994
503.88,650.16,402.24,217.38
504.47,650.07,401.86,217.07999999999993
505.06,649.98,401.46999999999997,216.77999999999997
505.64,649.9,401.09000000000003,216.47000000000003
506.23,649.81,400.71000000000004,216.17000000000007
506.82,649.72,400.32,215.87
507.41,649.63,399.93,215.57000000000005
508.0,649.55,399.54999999999995,215.25
508.59,649.46,399.16,214.94999999999993
509.18,649.37,398.77000000000004,214.64999999999998
509.77,649.29,398.38,214.34000000000003
510.35,649.2,398.01,214.03999999999996
510.94,649.11,397.61999999999995,213.74
511.53,649.03,397.23,213.43000000000006
512.12,648.94,396.85,213.13
512.71,648.85,396.4599999999999,212.82999999999993
513.3,648.77,396.07000000000005,212.51999999999998
513.89,648.68,395.68000000000006,212.22000000000003
514.48,648.59,395.29999999999995,211.91999999999996
515.06,648.5,394.9200000000001,211.62
515.65,648.42,394.53,211.31000000000006
516.24,648.33,394.15,211.01
516.83,648.24,393.76,210.70000000000005
517.42,648.16,393.37,210.39
518.01,648.07,392.98,210.08999999999992
518.6,647.98,392.6,209.78999999999996
519.19,647.9,392.2099999999999,209.48000000000002
519.77,647.81,391.83000000000004,209.18000000000006
520.36,647.72,391.44999999999993,208.88
520.95,647.63,391.05999999999995,208.58000000000004
521.54,647.55,390.6700000000001,208.2700000000001
522.13,647.46,390.28999999999996,207.9699999999999
522.72,647.37,389.9,207.66999999999996
523.31,647.29,389.5100000000001,207.36
523.9,647.2,389.12,207.05999999999995
524.48,647.11,388.75,206.76
525.07,647.03,388.3599999999999,206.45000000000005
525.66,646.94,387.97,206.14999999999998
526.25,646.85,387.59000000000003,205.84000000000003
526.84,646.77,387.19999999999993,205.52999999999997
527.43,646.68,386.81000000000006,205.23000000000002
528.02,646.59,386.4200000000001,204.92999999999995
528.61,646.5,386.03999999999996,204.63
529.19,646.42,385.65999999999997,204.32000000000005
529.78,646.33,385.27,204.01999999999998
530.37,646.24,384.89,203.72000000000003
530.96,646.16,384.5,203.41000000000008
531.55,646.07,384.11,203.1099999999999
532.14,645.98,383.72,202.80999999999995
532.73,645.9,383.34000000000003,202.5
533.32,645.81,382.94999999999993,202.20000000000005
533.9,645.72,382.57000000000005,201.89999999999998
534.49,645.64,382.18999999999994,201.59000000000003
535.08,645.55,381.79999999999995,201.2800000000001
535.67,645.46,381.4100000000001,200.98000000000002
536.26,645.37,381.03,200.67999999999995
536.85,645.29,380.64,200.37
537.44,645.2,380.25,200.06999999999994
538.03,645.11,379.86,199.76999999999998
538.61,645.03,379.49,199.46000000000004
539.2,644.94,379.0999999999999,199.15999999999997
539.12,645.16,379.09000000000003,199.16000000000008
539.03,645.39,379.09000000000003,199.15999999999997
538.94,645.61,379.0999999999999,199.15999999999997
538.85,645.84,379.1,199.15999999999997
538.76,646.06,379.1,199.16000000000008
538.68,646.29,379.09000000000003,199.16000000000008
538.59,646.51,379.0899999999999,199.15999999999997
538.5,646.74,379.1,199.15999999999997
538.41,646.96,379.1,199.15999999999997
538.32,647.19,379.0999999999999,199.15999999999997
538.24,647.41,379.09000000000003,199.16000000000008
538.15,647.64,379.09000000000003,199.15999999999997
538.06,647.86,379.1,199.15999999999997
537.97,648.09,379.1,199.15999999999997
537.88,648.31,379.1,199.16000000000008
537.8,648.54,379.09000000000003,199.16000000000008
537.71,648.76,379.0999999999999,199.15999999999997
537.62,648.98,379.1,199.16999999999996
537.53,649.21,379.1,199.15999999999997
537.44,649.43,379.0999999999999,199.16000000000008
537.36,649.66,379.09000000000003,199.16000000000008
537.27,649.88,379.1,199.15999999999997
537.18,650.11,379.1,199.15999999999997
537.09,650.33,379.1,199.15999999999997
537.0,650.56,379.1,199.16000000000008
536.92,650.78,379.09000000000003,199.16000000000008
536.83,651.01,379.0999999999999,199.15999999999997
536.74,651.23,379.1,199.15999999999997
536.65,651.46,379.1,199.15999999999997
536.56,651.68,379.1,199.16000000000008
536.48,651.91,379.09000000000003,199.16000000000008
536.39,652.13,379.1,199.15999999999997
536.3,652.36,379.1,199.15999999999997
536.21,652.58,379.0999999999999,199.15999999999997
536.13,652.81,379.09000000000003,199.16000000000008
536.04,653.03,379.09000000000003,199.16000000000008
535.95,653.25,379.0999999999999,199.16999999999996
535.86,653.48,379.1,199.15999999999997
535.77,653.7,379.1,199.15999999999997
535.69,653.93,379.0899999999999,199.16000000000008
535.6,654.15,379.09000000000003,199.15999999999997
535.51,654.38,379.1,199.15999999999997
535.42,654.6,379.1,199.15999999999997
535.33,654.83,379.0999999999999,199.15999999999997
535.25,655.05,379.09000000000003,199.16000000000008
535.16,655.28,379.09000000000003,199.16000000000008
535.07,655.5,379.0999999999999,199.15999999999997
534.98,655.73,379.1,199.15999999999997
534.89,655.95,379.1,199.15999999999997
534.81,656.18,379.09000000000003,199.16000000000008
534.72,656.4,379.1,199.15999999999997
534.63,656.63,379.1,199.15999999999997
534.54,656.85,379.1,199.15999999999997
534.45,657.08,379.0999999999999,199.15999999999997
534.37,657.3,379.09000000000003,199.16000000000008
534.28,657.52,379.1,199.17000000000007
534.19,657.75,379.0999999999999,199.15999999999997
534.1,657.97,379.1,199.15999999999997
534.01,658.2,379.1,199.15999999999997
533.93,658.42,379.09000000000003,199.16000000000008
533.84,658.65,379.1,199.15999999999997
533.75,658.87,379.1,199.15999999999997
533.66,659.1,379.1,199.15999999999997
533.58,659.32,379.0899999999999,199.15999999999997
533.49,659.55,379.09000000000003,199.16000000000008
533.4,659.77,379.1,199.15999999999997
533.31,660.0,379.1,199.15999999999997
533.22,660.22,379.1,199.15999999999997
533.14,660.45,379.09000000000003,199.15999999999997
533.05,660.67,379.09000000000003,199.16000000000008
532.96,660.9,379.0999999999999,199.15999999999997
532.87,661.12,379.1,199.15999999999997
532.78,661.35,379.1,199.15999999999997
532.7,661.57,379.0899999999999,199.15999999999997
532.61,661.79,379.09000000000003,199.17000000000007
532.52,662.02,379.1,199.15999999999997
532.43,662.24,379.1,199.15999999999997
532.34,662.47,379.1,199.15999999999997
532.26,662.69,379.09000000000003,199.15999999999997
532.17,662.92,379.09000000000003,199.16000000000008
532.08,663.14,379.0999999999999,199.15999999999997
531.99,663.37,379.1,199.15999999999997
531.9,663.59,379.1,199.15999999999997
531.82,663.82,379.0899999999999,199.15999999999997
531.73,664.04,379.1,199.16000000000008
531.64,664.27,379.1,199.15999999999997
531.55,664.49,379.1,199.15999999999997
531.46,664.72,379.0999999999999,199.15999999999997
531.38,664.94,379.09000000000003,199.15999999999997
531.29,665.17,379.1,199.16000000000008
531.2,665.39,379.0999999999999,199.15999999999997
531.11,665.62,379.1,199.15999999999997
531.02,665.84,379.1,199.15999999999997
530.94,666.06,379.0899999999999,199.17000000000007
530.85,666.29,379.1,199.16000000000008
530.76,666.51,379.1,199.15999999999997
530.67,666.74,379.1,199.15999999999997
530.59,666.96,379.0899999999999,199.15999999999997
530.5,667.19,379.09000000000003,199.15999999999997
530.41,667.41,379.1,199.16000000000008
530.32,667.64,379.0999999999999,199.15999999999997
530.23,667.86,379.1,199.15999999999997
530.15,668.09,379.09000000000003,199.15999999999997
530.06,668.31,379.09000000000003,199.16000000000008
529.97,668.54,379.1,199.16000000000008
529.88,668.76,379.1,199.15999999999997
529.79,668.99,379.1,199.15999999999997
529.71,669.21,379.0899999999999,199.15999999999997
529.62,669.44,379.09000000000003,199.15999999999997
529.53,669.66,379.1,199.16000000000008
529.44,669.89,379.0999999999999,199.15999999999997
529.35,670.11,379.1,199.15999999999997
529.27,670.33,379.09000000000003,199.16999999999996
529.18,670.56,379.09000000000003,199.16000000000008
529.09,670.78,379.1,199.16000000000008
529.0,671.01,379.1,199.15999999999997
528.91,671.23,379.1,199.15999999999997
528.83,671.46,379.0899999999999,199.15999999999997
528.74,671.68,379.1,199.16000000000008
528.65,671.91,379.1,199.16000000000008
528.56,672.13,379.1,199.15999999999997
528.47,672.36,379.1,199.15999999999997
527.44,672.75,378.04999999999995,198.64999999999998
526.4,673.15,377.01,198.13
525.36,673.55,375.98,197.61
524.32,673.95,374.93999999999994,197.07999999999993
523.28,674.34,373.9,196.56999999999994
522.24,674.74,372.86,196.04999999999995
521.2,675.14,371.81999999999994,195.52999999999997
520.16,675.54,370.7800000000001,195.01
519.12,675.93,369.74,194.5
518.08,676.33,368.69999999999993,193.9799999999999
517.04,676.73,367.6700000000001,193.46000000000004
516.0,677.13,366.63,192.94000000000005
514.96,677.52,365.5899999999999,192.43000000000006
513.93,677.92,364.5400000000001,191.9000000000001
512.89,678.32,363.5,191.38
511.85,678.72,362.4599999999999,190.86
510.81,679.11,361.42,190.35000000000002
509.77,679.51,360.38,189.83000000000004
508.73,679.91,359.35,189.31000000000006
507.69,680.31,358.31,188.79000000000008
506.65,680.7,357.27,188.27999999999997
505.61,681.1,356.23,187.76
504.57,681.5,355.19,187.24
503.53,681.89,354.15,186.72000000000003
502.49,682.29,353.11,186.20000000000005
501.46,682.69,352.06,185.67999999999995
500.42,683.09,351.03000000000003,185.15999999999997
499.38,683.48,349.99,184.64999999999998
498.34,683.88,348.95,184.13
497.3,684.28,347.91,183.61
496.26,684.68,346.87,183.09000000000003
495.22,685.07,345.8299999999999,182.57999999999993
494.18,685.47,344.79,182.05999999999995
493.14,685.87,343.75,181.52999999999997
492.1,686.27,342.72,181.01
491.06,686.66,341.68,180.5
490.02,687.06,340.64,179.98000000000002
488.98,687.46,339.6,179.45999999999992
487.95,687.86,338.55,178.93999999999994
487.12,687.75,338.54999999999995,178.95000000000005
486.29,687.65,338.55,178.94000000000005
485.46,687.54,338.55,178.95000000000005
484.63,687.44,338.54999999999995,178.94999999999993
483.8,687.34,338.55,178.93999999999994
482.97,687.23,338.54999999999995,178.94999999999993
482.14,687.13,338.56000000000006,178.94000000000005
481.31,687.03,338.56,178.94000000000005
480.48,686.92,338.55999999999995,178.95000000000005
479.65,686.82,338.56000000000006,178.93999999999994
478.82,686.72,338.56,178.93999999999994
477.99,686.61,338.55999999999995,178.94999999999993
477.16,686.51,338.56,178.94000000000005
476.34,686.4,338.55,178.95000000000005
475.51,686.3,338.54999999999995,178.95000000000005
474.68,686.2,338.55,178.93999999999994
473.85,686.09,338.54999999999995,178.94999999999993
473.02,685.99,338.55000000000007,178.93999999999994
472.19,685.89,338.55,178.94000000000005
471.36,685.78,338.54999999999995,178.95000000000005
470.53,685.68,338.56000000000006,178.94000000000005
469.7,685.58,338.56,178.93999999999994
468.87,685.47,338.55999999999995,178.94999999999993
468.04,685.37,338.56,178.93999999999994
467.21,685.26,338.56,178.95000000000005
466.38,685.16,338.56000000000006,178.95000000000005
465.55,685.06,338.56,178.94000000000005
464.73,684.95,338.54999999999995,178.94999999999993
463.9,684.85,338.55000000000007,178.93999999999994
463.07,684.75,338.55,178.94000000000005
462.24,684.64,338.54999999999995,178.95000000000005
461.41,684.54,338.55,178.94000000000005
460.58,684.44,338.55,178.93999999999994
459.75,684.33,338.54999999999995,178.94999999999993
458.92,684.23,338.56,178.93999999999994
458.09,684.12,338.56,178.95000000000005
457.26,684.02,338.56000000000006,178.95000000000005
456.43,683.92,338.56,178.94000000000005
455.6,683.81,338.55999999999995,178.95000000000005
454.77,683.71,338.56000000000006,178.93999999999994
453.95,683.61,338.55,178.93999999999994
453.12,683.5,338.54999999999995,178.95000000000005
452.29,683.4,338.55,178.94000000000005
451.46,683.3,338.55,178.94000000000005
450.63,683.19,338.54999999999995,178.94999999999993
449.8,683.09,338.55,178.93999999999994
449.31,682.84,338.61999999999995,179.14
448.82,682.6,338.69,179.32999999999993
448.33,682.35,338.76000000000005,179.51999999999998
447.84,682.11,338.83,179.71000000000004
447.34,681.86,338.91,179.90999999999997
446.85,681.62,338.98,180.10000000000002
446.36,681.37,339.03999999999996,180.28999999999996
445.87,681.12,339.11,180.49
445.38,680.88,339.17999999999995,180.67999999999995
444.89,680.63,339.25,180.88
444.4,680.39,339.32000000000005,181.06000000000006
443.91,680.14,339.38999999999993,181.26
443.42,679.9,339.46,181.45000000000005
442.93,679.65,339.52000000000004,181.64999999999998
442.44,679.41,339.59,181.83000000000004
441.95,679.16,339.66,182.0300000000001
441.45,678.92,339.74000000000007,182.22000000000003
440.96,678.67,339.81,182.42000000000007
440.47,678.43,339.88,182.60000000000002
439.98,678.18,339.94999999999993,182.80000000000007
439.49,677.93,340.01,183.0
439.0,677.69,340.08000000000004,183.18999999999994
438.51,677.44,340.15,183.38
438.02,677.2,340.22,183.56999999999994
437.53,676.95,340.2900000000001,183.76999999999998
437.04,676.71,340.35999999999996,183.95999999999992
436.55,676.46,340.43,184.14999999999998
436.06,676.22,340.49999999999994,184.33999999999992
435.56,675.97,340.57,184.53999999999996
435.07,675.73,340.64000000000004,184.72000000000003
434.58,675.48,340.71,184.91999999999996
434.09,675.23,340.78000000000003,185.12
433.6,674.99,340.85,185.30999999999995
433.11,674.74,340.91999999999996,185.5
432.62,674.5,340.99,185.69000000000005
432.13,674.25,341.04999999999995,185.89
431.64,674.01,341.12,186.08000000000004
431.15,673.76,341.19000000000005,186.26999999999998
430.66,673.52,341.25999999999993,186.46000000000004
430.17,673.27,341.33,186.65999999999997
429.67,673.03,341.41,186.85000000000002
429.18,672.78,341.47999999999996,187.04000000000008
428.69,672.54,341.54,187.23000000000002
428.2,672.29,341.60999999999996,187.43000000000006
427.71,672.04,341.68,187.63
427.22,671.8,341.75,187.81000000000006
426.73,671.55,341.81999999999994,188.01
426.24,671.31,341.89,188.20000000000005
425.75,671.06,341.96000000000004,188.4000000000001
425.26,670.82,342.02,188.57999999999993
424.77,670.57,342.09000000000003,188.77999999999997
424.28,670.33,342.1600000000001,188.9699999999999
423.78,670.08,342.24,189.16999999999996
423.29,669.84,342.31,189.35000000000002
422.8,669.59,342.37999999999994,189.54999999999995
422.31,669.34,342.45,189.75
421.82,669.1,342.52000000000004,189.92999999999995
421.33,668.85,342.58,190.13
420.84,668.61,342.65000000000003,190.31999999999994
420.35,668.36,342.72,190.51999999999998
419.86,668.12,342.78999999999996,190.70000000000005
419.37,667.87,342.86,190.89999999999998
418.88,667.63,342.92999999999995,191.09000000000003
418.39,667.38,343.0,191.28999999999996
417.89,667.14,343.07000000000005,191.47000000000003
417.4,666.89,343.14,191.66999999999996
416.91,666.65,343.21,191.86
416.42,666.4,343.28000000000003,192.06000000000006
416.32,665.83,343.28000000000003,192.05999999999995
416.21,665.26,343.28000000000003,192.06000000000006
416.11,664.69,343.28,192.05999999999995
416.01,664.12,343.28,192.05999999999995
415.9,663.55,343.28,192.06000000000006
415.8,662.98,343.28000000000003,192.05999999999995
415.7,662.41,343.27000000000004,192.06000000000006
415.59,661.84,343.28000000000003,192.05999999999995
415.49,661.27,343.28,192.06000000000006
415.39,660.7,343.27,192.04999999999995
415.28,660.13,343.28,192.04999999999995
415.18,659.56,343.28000000000003,192.05000000000007
415.07,658.99,343.28000000000003,192.04999999999995
414.97,658.42,343.28,192.05000000000007
414.87,657.85,343.28,192.04999999999995
414.76,657.28,343.28,192.05000000000007
414.66,656.71,343.28000000000003,192.04999999999995
414.56,656.14,343.27000000000004,192.05000000000007
414.45,655.57,343.28000000000003,192.04999999999995
414.35,655.0,343.28,192.04999999999995
414.25,654.43,343.27,192.05000000000007
414.14,653.86,343.28,192.04999999999995
414.04,653.29,343.28000000000003,192.05000000000007
413.93,652.72,343.28000000000003,192.04999999999995
413.83,652.15,343.28000000000003,192.05000000000007
413.73,651.58,343.28,192.04999999999995
413.62,651.01,343.28,192.04999999999995
413.52,650.44,343.28,192.04999999999995
413.42,649.87,343.27000000000004,192.04999999999995
413.31,649.3,343.28000000000003,192.05000000000007
413.21,648.73,343.28000000000003,192.04999999999995
413.11,648.16,343.27,192.05000000000007
413.0,647.59,343.28,192.04999999999995
412.9,647.02,343.28,192.05000000000007
412.79,646.45,343.28000000000003,192.04999999999995
412.69,645.88,343.28000000000003,192.04999999999995
412.59,645.31,343.28000000000003,192.05000000000007
412.48,644.73,343.28,192.05999999999995
412.38,644.16,343.28,192.06000000000006
412.28,643.59,343.27,192.05999999999995
412.17,643.02,343.28000000000003,192.06000000000006
412.07,642.45,343.28000000000003,192.05999999999995
411.97,641.88,343.27,192.06000000000006
411.86,641.31,343.28,192.06000000000006
411.76,640.74,343.28,192.05999999999995
411.65,640.17,343.28,192.06000000000006
411.39,639.85,343.28,192.05999999999995
411.12,639.53,343.28,192.06000000000006
410.86,639.21,343.28,192.05999999999995
410.59,638.89,343.28000000000003,192.05000000000007
410.33,638.57,343.28000000000003,192.04999999999995
410.07,638.24,343.27000000000004,192.05999999999995
409.8,637.92,343.28000000000003,192.06000000000006
409.54,637.6,343.2699999999999,192.05999999999995
409.27,637.28,343.28,192.05000000000007
409.01,636.96,343.27,192.04999999999995
408.74,636.64,343.28,192.05000000000007
408.48,636.31,343.27,192.06000000000006
408.21,635.99,343.28000000000003,192.05999999999995
407.95,635.67,343.27000000000004,192.06000000000006
407.68,635.35,343.28000000000003,192.04999999999995
407.42,635.03,343.27000000000004,192.05000000000007
407.15,634.71,343.28,192.04999999999995
406.89,634.38,343.27,192.06000000000006
406.62,634.06,343.28,192.06000000000006
406.36,633.74,343.27,192.05999999999995
406.09,633.42,343.28000000000003,192.05000000000007
405.83,633.1,343.28000000000003,192.04999999999995
405.56,632.78,343.28000000000003,192.05000000000007
405.3,632.45,343.28000000000003,192.05999999999995
405.03,632.13,343.28,192.06000000000006
404.77,631.81,343.28,192.06000000000006
404.5,631.49,343.28,192.04999999999995
404.24,631.17,343.28,192.05000000000007
403.97,630.85,343.28,192.04999999999995
403.71,630.52,343.28000000000003,192.06000000000006
403.44,630.2,343.28000000000003,192.05999999999995
403.18,629.88,343.28000000000003,192.06000000000006
402.91,629.56,343.28000000000003,192.05000000000007
402.65,629.24,343.28,192.04999999999995
402.38,628.92,343.28,192.05000000000007
402.12,628.59,343.28,192.05999999999995
401.85,628.27,343.28,192.06000000000006
401.59,627.95,343.28000000000003,192.05999999999995
401.32,627.63,343.28000000000003,192.04999999999995
401.06,627.31,343.28000000000003,192.05000000000007
400.79,626.99,343.28000000000003,192.04999999999995
400.53,626.66,343.28,192.06000000000006
400.26,626.34,343.28,192.05999999999995
400.0,626.02,343.28,192.06000000000006
399.73,625.7,343.28,192.04999999999995
399.47,625.38,343.28,192.04999999999995
399.2,625.06,343.28000000000003,192.05000000000007
398.94,624.73,343.28000000000003,192.05999999999995
398.68,624.41,343.27000000000004,192.06000000000006
398.41,624.09,343.28000000000003,192.05999999999995
398.15,623.77,343.27,192.05000000000007
397.88,623.45,343.28,192.04999999999995
397.62,623.12,343.27,192.05999999999995
397.35,622.8,343.28,192.06000000000006
397.09,622.48,343.27000000000004,192.05999999999995
396.82,622.16,343.28000000000003,192.06000000000006
396.56,621.84,343.27000000000004,192.04999999999995
396.29,621.52,343.28000000000003,192.05000000000007
396.03,621.19,343.27,192.05999999999995
395.76,620.87,343.28,192.05999999999995
395.5,620.55,343.27,192.06000000000006
395.23,620.23,343.28,192.05999999999995
394.97,619.91,343.27,192.05000000000007
394.97,619.91,343.2099999999999,191.81000000000006
394.97,619.91,343.14,191.57000000000005
394.97,619.91,343.0799999999999,191.33000000000004
394.97,619.91,343.01,191.09000000000003
394.97,619.91,342.93999999999994,190.85000000000002
394.97,619.91,342.88,190.61
394.97,619.91,342.80999999999995,190.37
394.97,619.91,342.74,190.13
394.97,619.91,342.67999999999995,189.89
394.97,619.91,342.61,189.64999999999998
394.97,619.91,342.54999999999995,189.41000000000008
394.97,619.91,342.48,189.17000000000007
394.97,619.91,342.40999999999997,188.93000000000006
394.97,619.91,342.35,188.69000000000005
394.97,619.91,342.28,188.45000000000005
394.97,619.91,342.2099999999999,188.21000000000004
394.97,619.91,342.15,187.97000000000003
394.97,619.91,342.0799999999999,187.73000000000002
394.97,619.91,342.02,187.49
394.97,619.91,341.94999999999993,187.25
394.97,619.91,341.88,187.01
394.97,619.91,341.81999999999994,186.76999999999998
394.97,619.91,341.75,186.5300000000001
394.97,619.91,341.67999999999995,186.29000000000008
394.97,619.91,341.62,186.05000000000007
394.97,619.91,341.54999999999995,185.81000000000006
394.97,619.91,341.49,185.57000000000005
394.97,619.91,341.41999999999996,185.33000000000004
394.97,619.91,341.35,185.09000000000003
394.97,619.91,341.28999999999996,184.85000000000002
394.97,619.91,341.22,184.61
394.97,619.91,341.15,184.37
394.97,619.91,341.0899999999999,184.13
394.97,619.91,341.02,183.89
394.97,619.91,340.94999999999993,183.64999999999998
394.97,619.91,340.89,183.41000000000008
394.97,619.91,340.81999999999994,183.17000000000007
394.97,619.91,340.76,182.93000000000006
394.97,619.91,340.68999999999994,182.69000000000005
394.97,619.91,340.62,182.45000000000005
394.97,619.91,340.55999999999995,182.21000000000004
394.97,619.91,340.49,181.97000000000003
394.97,619.91,340.41999999999996,181.73000000000002
394.97,619.91,340.36,181.49
394.97,619.91,340.28999999999996,181.25
394.97,619.91,340.23,181.01
394.97,619.91,340.15999999999997,180.76999999999998
394.97,619.91,340.0899999999999,180.5300000000001
394.97,619.91,340.03,180.29000000000008
394.97,619.91,339.9599999999999,180.05000000000007
394.97,619.91,339.89,179.81000000000006
394.97,619.91,339.8299999999999,179.57000000000005
394.97,619.91,339.76,179.33000000000004
394.97,619.91,339.69999999999993,179.09000000000003
394.97,619.91,339.63,178.85000000000002
394.97,619.91,339.55999999999995,178.61
394.97,619.91,339.5,178.37
394.97,619.91,339.42999999999995,178.13
394.97,619.91,339.36,177.89
394.97,619.91,339.29999999999995,177.64999999999998
394.97,619.91,339.23,177.41000000000008
394.97,619.91,339.16999999999996,177.17000000000007
394.97,619.91,339.1,176.93000000000006
394.97,619.91,339.03,176.69000000000005
394.97,619.91,338.97,176.45000000000005
394.97,619.91,338.9,176.21000000000004
394.97,619.91,338.8299999999999,175.97000000000003
394.97,619.91,338.77,175.73000000000002
394.97,619.91,338.69999999999993,175.49
394.97,619.91,338.64,175.25
394.97,619.91,338.56999999999994,175.01
394.97,619.91,338.5,174.76999999999998
394.97,619.91,338.43999999999994,174.5300000000001
394.97,619.91,338.37,174.29000000000008
394.97,619.91,338.29999999999995,174.05000000000007
394.97,619.91,338.24,173.81000000000006
394.97,619.91,338.16999999999996,173.57000000000005
394.97,619.91,338.1,173.33000000000004
394.97,619.91,338.03999999999996,173.09000000000003
394.97,619.91,337.97,172.85000000000002
394.97,619.91,337.90999999999997,172.61
394.97,619.91,337.8399999999999,172.37
394.97,619.91,337.77,172.13
394.97,619.91,337.7099999999999,171.89
394.97,619.91,337.64,171.64999999999998
394.97,619.91,337.56999999999994,171.41000000000008
394.97,619.91,337.51,171.17000000000007
394.97,619.91,337.43999999999994,170.93000000000006
394.97,619.91,337.38,170.69000000000005
394.97,619.91,337.30999999999995,170.45000000000005
394.97,619.91,337.24,170.21000000000004
394.97,619.91,337.17999999999995,169.97000000000003
394.97,619.91,337.11,169.73000000000002
394.97,619.91,337.03999999999996,169.49
394.97,619.91,336.98,169.25
394.97,619.91,336.90999999999997,169.01
394.97,619.91,336.85,168.76999999999998
394.97,619.91,336.78,168.5300000000001
394.97,619.91,336.7099999999999,168.29000000000008
394.97,619.91,336.65,168.05000000000007
394.97,619.91,336.5799999999999,167.81000000000006
394.97,619.91,336.51,167.57000000000005
394.97,619.91,336.44999999999993,167.33000000000004
394.97,619.91,336.38,167.09000000000003
394.97,619.91,336.31999999999994,166.85000000000002
394.97,619.91,336.25,166.61
394.97,619.91,336.17999999999995,166.37
394.97,619.91,336.12,166.13
394.97,619.91,336.04999999999995,165.89
394.97,619.91,335.98,165.64999999999998
394.97,619.91,335.91999999999996,165.41000000000008
394.97,619.91,335.85,165.17000000000007
394.97,619.91,335.78,164.93000000000006
394.97,619.91,335.72,164.69000000000005
394.97,619.91,335.65,164.45000000000005
394.97,619.91,335.5899999999999,164.21000000000004
394.97,619.91,335.52,163.97000000000003
394.97,619.91,335.44999999999993,163.73000000000002
394.97,619.91,335.39,163.49
394.97,619.91,335.31999999999994,163.25
394.97,619.91,335.25,163.01
394.97,619.91,335.18999999999994,162.76999999999998
394.97,619.91,335.12,162.5300000000001
394.97,619.91,335.05999999999995,162.29000000000008
394.97,619.91,334.99,162.05000000000007
394.97,619.91,334.91999999999996,161.81000000000006
394.97,619.91,334.86,161.57000000000005
394.97,619.91,334.78999999999996,161.33000000000004
394.97,619.91,334.72,161.09000000000003
394.97,619.91,334.65999999999997,160.85000000000002
394.97,619.91,334.5899999999999,160.61
394.97,619.91,334.53,160.37
394.97,619.91,334.4599999999999,160.13
394.97,619.91,334.39,159.89
394.97,619.91,334.3299999999999,159.64999999999998
394.97,619.91,334.26,159.41000000000008
394.97,619.91,334.18999999999994,159.17000000000007
394.97,619.91,334.13,158.93000000000006
394.97,619.91,334.05999999999995,158.69000000000005
394.97,619.91,334.0,158.45000000000005
394.97,619.91,333.92999999999995,158.21000000000004
394.97,619.91,333.86,157.97000000000003
394.97,619.91,333.79999999999995,157.73000000000002
394.97,619.91,333.73,157.49
395.06,619.39,333.73999999999995,157.49
395.16,618.88,333.72999999999996,157.49
395.26,618.36,333.73,157.49
395.35,617.85,333.74,157.49
395.45,617.33,333.72999999999996,157.49
395.55,616.82,333.72999999999996,157.4899999999999
395.64,616.3,333.74,157.49
395.74,615.78,333.73,157.5
395.84,615.27,333.7300000000001,157.49
395.93,614.75,333.73999999999995,157.5
396.03,614.24,333.73,157.49
396.13,613.72,333.73,157.5
396.22,613.21,333.74,157.49
396.32,612.69,333.72999999999996,157.4899999999999
396.42,612.18,333.72999999999996,157.49
396.51,611.66,333.74,157.49
396.61,611.15,333.73,157.49
396.71,610.63,333.7300000000001,157.49
396.8,610.12,333.73999999999995,157.49
396.9,609.6,333.73,157.49
397.0,609.08,333.73,157.5
397.09,608.57,333.74000000000007,157.4899999999999
397.19,608.05,333.72999999999996,157.5
397.29,607.54,333.72999999999996,157.49
397.38,607.02,333.74,157.49
397.48,606.51,333.73,157.49
397.58,605.99,333.72999999999996,157.49
397.67,605.48,333.73999999999995,157.49
397.77,604.96,333.73,157.49
397.87,604.45,333.73,157.49
397.96,603.93,333.74000000000007,157.49
398.06,603.41,333.72999999999996,157.5
398.16,602.9,333.72999999999996,157.49
398.25,602.38,333.74,157.5
398.35,601.87,333.73,157.49
398.45,601.35,333.72999999999996,157.5
398.54,600.84,333.73999999999995,157.49
398.86,600.52,333.73,157.5
399.17,600.21,333.72999999999996,157.49
399.48,599.9,333.74,157.49
399.8,599.58,333.72999999999996,157.49
400.11,599.27,333.73,157.49
400.43,598.96,333.72999999999996,157.49
400.74,598.64,333.73,157.49
401.05,598.33,333.73999999999995,157.49
401.37,598.01,333.73,157.5
401.68,597.7,333.72999999999996,157.49
401.99,597.39,333.74,157.49
402.31,597.07,333.72999999999996,157.4899999999999
402.62,596.76,333.73,157.49
402.94,596.45,333.72999999999996,157.49
403.25,596.13,333.73,157.49
403.56,595.82,333.73999999999995,157.4899999999999
403.88,595.5,333.73,157.5
404.19,595.19,333.72999999999996,157.4899999999999
404.5,594.88,333.74,157.49
404.82,594.56,333.72999999999996,157.5
405.13,594.25,333.73,157.49
405.45,593.94,333.72999999999996,157.4899999999999
405.76,593.62,333.73,157.49
406.07,593.31,333.73999999999995,157.49
406.39,592.99,333.73,157.5
406.7,592.68,333.72999999999996,157.49
407.01,592.37,333.74,157.49
407.33,592.05,333.72999999999996,157.5
407.64,591.74,333.73,157.49
407.95,591.43,333.74000000000007,157.49
408.27,591.11,333.73,157.49
408.58,590.8,333.74000000000007,157.49
408.9,590.48,333.73,157.5
409.21,590.17,333.7300000000001,157.49
409.52,589.86,333.74,157.49
409.84,589.54,333.7300000000001,157.5
410.15,589.23,333.73,157.49
410.46,588.92,333.74000000000007,157.49
410.59,588.71,333.7300000000001,157.49
410.72,588.5,333.73,157.49
410.84,588.29,333.7300000000001,157.49
410.97,588.08,333.73,157.49
411.09,587.87,333.74000000000007,157.49
411.22,587.66,333.73,157.49
411.34,587.45,333.74000000000007,157.49
411.47,587.24,333.73,157.49
411.59,587.03,333.74000000000007,157.5
411.72,586.82,333.73,157.5
411.85,586.62,333.73,157.49
411.97,586.41,333.73,157.49
412.1,586.2,333.73,157.49
412.22,585.99,333.73,157.49
412.35,585.78,333.73,157.49
412.47,585.57,333.74,157.4899999999999
412.6,585.36,333.73,157.49
412.72,585.15,333.74,157.49
412.85,584.94,333.73,157.4899999999999
412.97,584.73,333.74,157.49
413.1,584.52,333.73,157.5
413.23,584.31,333.73,157.5
413.35,584.11,333.73,157.49
413.48,583.9,333.73,157.49
413.6,583.69,333.74,157.4899999999999
413.73,583.48,333.73,157.49
413.85,583.27,333.74,157.49
413.98,583.06,333.73,157.49
414.1,582.85,333.74,157.49
414.23,582.64,333.73,157.49
414.35,582.43,333.74,157.49
414.48,582.22,333.73,157.49
414.61,582.01,333.73,157.5
414.73,581.8,333.73,157.5
414.86,581.6,333.73,157.49
414.98,581.39,333.74,157.49
415.11,581.18,333.73,157.49
415.23,580.97,333.74,157.49
415.36,580.76,333.73,157.49
415.48,580.55,333.74,157.49
415.61,580.34,333.73,157.49
415.73,580.13,333.74,157.49
415.86,579.92,333.73,157.49
415.99,579.71,333.73,157.49
416.11,579.5,333.73,157.5
416.24,579.29,333.73,157.5
416.36,579.09,333.74,157.49
416.49,578.88,333.73,157.49
416.61,578.67,333.74,157.49
416.74,578.46,333.73,157.49
416.86,578.25,333.74,157.49
416.99,578.04,333.73,157.49
417.12,577.83,333.73,157.49
417.24,577.62,333.73,157.49
417.37,577.41,333.73,157.49
417.49,577.2,333.73,157.5
417.62,576.99,333.73,157.5
417.65,577.21,333.73,157.49
417.67,577.43,333.73999999999995,157.49
417.7,577.64,333.74000000000007,157.5
417.73,577.86,333.74,157.49
417.76,578.08,333.73,157.49
417.79,578.29,333.72999999999996,157.5
417.82,578.51,333.72999999999996,157.49
417.85,578.73,333.73,157.49
417.88,578.94,333.73,157.5
417.91,579.16,333.72999999999996,157.49
417.94,579.38,333.72999999999996,157.49
417.96,579.59,333.74000000000007,157.5
417.99,579.81,333.74,157.49
418.02,580.03,333.73,157.49
418.05,580.25,333.72999999999996,157.49
418.08,580.46,333.72999999999996,157.49
418.11,580.68,333.73,157.49
418.14,580.9,333.73,157.49
418.17,581.11,333.72999999999996,157.49
418.2,581.33,333.72999999999996,157.49
418.22,581.55,333.74,157.49
418.25,581.76,333.74,157.49
418.28,581.98,333.73,157.49
418.31,582.2,333.72999999999996,157.49
418.34,582.41,333.7300000000001,157.49
418.37,582.63,333.73,157.49
418.4,582.85,333.73,157.49
418.43,583.06,333.72999999999996,157.49
418.46,583.28,333.7300000000001,157.49
418.48,583.5,333.74,157.49
418.51,583.71,333.74,157.49
418.54,583.93,333.73999999999995,157.49
418.57,584.15,333.72999999999996,157.49
418.6,584.36,333.73,157.5
418.63,584.58,333.73,157.49
418.66,584.8,333.72999999999996,157.49
418.69,585.01,333.72999999999996,157.5
418.72,585.23,333.73,157.49
418.74,585.45,333.74,157.49
418.77,585.66,333.74,157.5
418.8,585.88,333.73999999999995,157.49
418.83,586.1,333.72999999999996,157.49
418.86,586.31,333.73,157.5
418.89,586.53,333.73,157.49
418.92,586.75,333.72999999999996,157.49
418.95,586.96,333.72999999999996,157.5
418.98,587.18,333.73,157.49
419.0,587.4,333.74,157.49
419.03,587.61,333.74,157.5
419.06,587.83,333.73999999999995,157.49
419.09,588.05,333.7300000000001,157.49
419.12,588.26,333.73,157.5
419.15,588.48,333.73,157.49
419.18,588.7,333.72999999999996,157.49
419.21,588.91,333.7300000000001,157.5
419.24,589.13,333.73,157.49
419.26,589.35,333.74,157.49
419.29,589.56,333.73999999999995,157.5
419.32,589.78,333.73999999999995,157.49
419.35,590.0,333.73,157.49
419.38,590.22,333.73,157.49
419.41,590.43,333.72999999999996,157.49
419.44,590.65,333.72999999999996,157.49
419.47,590.87,333.73,157.49
419.5,591.08,333.73,157.49
419.52,591.3,333.74,157.49
419.55,591.52,333.73999999999995,157.49
419.58,591.73,333.74000000000007,157.49
419.61,591.95,333.73,157.49
419.64,592.17,333.73,157.49
419.67,592.38,333.72999999999996,157.49
419.7,592.6,333.72999999999996,157.49
419.73,592.82,333.73,157.4899999999999
419.76,593.03,333.73,157.49
419.78,593.25,333.74,157.49
419.81,593.47,333.73999999999995,157.49
419.84,593.68,333.74000000000007,157.49
419.87,593.9,333.73,157.49
419.9,594.12,333.73,157.49
419.93,594.33,333.72999999999996,157.49
419.96,594.55,333.7300000000001,157.49
419.99,594.77,333.73,157.49
420.02,594.98,333.73,157.5
420.04,595.2,333.73999999999995,157.49
420.07,595.42,333.73999999999995,157.49
420.1,595.63,333.74,157.5
420.13,595.85,333.73,157.49
420.16,596.07,333.72999999999996,157.4899999999999
420.19,596.28,333.72999999999996,157.5
420.22,596.5,333.73,157.49
420.25,596.72,333.73,157.49
420.28,596.93,333.73,157.5
420.3,597.15,333.73999999999995,157.49
420.33,597.37,333.74000000000007,157.49
420.36,597.58,333.74,157.5
420.39,597.8,333.73,157.49
420.42,598.02,333.72999999999996,157.49
420.45,598.23,333.72999999999996,157.5
420.48,598.45,333.73,157.49
420.51,598.67,333.73,157.49
420.54,598.88,333.72999999999996,157.5
420.56,599.1,333.73999999999995,157.49
420.59,599.32,333.74000000000007,157.4899999999999
420.62,599.53,333.74,157.5
420.65,599.75,333.73,157.49
420.68,599.97,333.72999999999996,157.49
420.71,600.19,333.7300000000001,157.4899999999999
420.74,600.4,333.73,157.49
420.77,600.62,333.73,157.49
420.8,600.84,333.72999999999996,157.49
420.82,601.05,333.73999999999995,157.49
420.85,601.27,333.74,157.49
420.88,601.49,333.74,157.49
420.91,601.7,333.72999999999996,157.49
420.94,601.92,333.72999999999996,157.49
420.97,602.14,333.73,157.49
421.0,602.35,333.73,157.49
421.03,602.57,333.73,157.4899999999999
421.06,602.79,333.72999999999996,157.49
421.08,603.0,333.74000000000007,157.49
421.11,603.22,333.74,157.49
421.14,603.44,333.74,157.4899999999999
421.17,603.65,333.72999999999996,157.49
421.2,603.87,333.72999999999996,157.49
421.23,604.09,333.73,157.49
421.26,604.3,333.73,157.49
421.29,604.52,333.72999999999996,157.49
421.32,604.74,333.72999999999996,157.49
421.34,604.95,333.74000000000007,157.5
421.37,605.17,333.74,157.49
421.4,605.39,333.74,157.49
421.43,605.6,333.72999999999996,157.5
421.46,605.82,333.7300000000001,157.4899999999999
421.49,606.04,333.73,157.49
421.52,606.25,333.73,157.5
421.55,606.47,333.72999999999996,157.49
421.58,606.69,333.72999999999996,157.4899999999999
421.6,606.9,333.74,157.5
421.63,607.12,333.74,157.49
421.66,607.34,333.73999999999995,157.49
421.69,607.55,333.72999999999996,157.5
421.72,607.77,333.73,157.49
421.75,607.99,333.73,157.49
421.78,608.2,333.73,157.5
421.81,608.42,333.72999999999996,157.49
421.84,608.64,333.7300000000001,157.49
421.86,608.85,333.74,157.5
421.89,609.07,333.74,157.4899999999999
421.92,609.29,333.73999999999995,157.49
421.95,609.5,333.72999999999996,157.5
421.98,609.72,333.73,157.49
422.01,609.94,333.73,157.4899999999999
422.04,610.16,333.72999999999996,157.49
422.07,610.37,333.72999999999996,157.49
422.1,610.59,333.73,157.49
422.12,610.81,333.74,157.49
422.15,611.02,333.74,157.49
422.18,611.24,333.73999999999995,157.49
422.21,611.46,333.7300000000001,157.49
422.24,611.67,333.73,157.49
422.27,611.89,333.73,157.49
422.3,612.11,333.72999999999996,157.49
422.33,612.32,333.72999999999996,157.4899999999999
422.36,612.54,333.73,157.49
422.38,612.76,333.74,157.49
422.22,613.62,333.73,157.49
422.06,614.48,333.72999999999996,157.49
421.89,615.35,333.73,157.49
421.73,616.21,333.73,157.49
421.56,617.07,333.73999999999995,157.4899999999999
421.4,617.94,333.73,157.4899999999999
421.23,618.8,333.74,157.49
421.07,619.66,333.72999999999996,157.49
420.91,620.52,333.72999999999996,157.5
420.74,621.39,333.73,157.49
420.58,622.25,333.72999999999996,157.49
420.41,623.11,333.73999999999995,157.5
420.25,623.98,333.73,157.49
420.08,624.84,333.74000000000007,157.49
419.92,625.7,333.72999999999996,157.5
419.75,626.57,333.74,157.4899999999999
419.59,627.43,333.7300000000001,157.49
419.43,628.29,333.72999999999996,157.5
419.26,629.16,333.73,157.49
419.1,630.02,333.73,157.49
418.93,630.88,333.73999999999995,157.5
418.77,631.75,333.73,157.49
418.6,632.61,333.74,157.49
418.44,633.47,333.72999999999996,157.49
418.27,634.34,333.74,157.49
418.11,635.2,333.73,157.49
417.95,636.06,333.72999999999996,157.49
417.78,636.93,333.73,157.49
417.62,637.79,333.73,157.49
418.44,638.98,333.72999999999996,157.49
419.26,640.17,333.73,157.5
420.08,641.37,333.72999999999996,157.49
420.9,642.56,333.73,157.49
421.72,643.75,333.73,157.49
422.53,644.94,333.74,157.4899999999999
423.35,646.13,333.74,157.5
424.17,647.33,333.73999999999995,157.49
424.99,648.52,333.74,157.49
425.81,649.71,333.73999999999995,157.49
426.63,650.9,333.74,157.49
427.45,652.09,333.74000000000007,157.5
428.27,653.29,333.73,157.49
429.09,654.48,333.7300000000001,157.49
429.91,655.67,333.72999999999996,157.49
430.73,656.86,333.73,157.49
431.55,658.05,333.72999999999996,157.5
432.37,659.25,333.73,157.49
433.19,660.44,333.72999999999996,157.4899999999999
434.01,661.63,333.73,157.49
434.83,662.82,333.72999999999996,157.4899999999999
435.65,664.01,333.73,157.5
436.47,665.21,333.73,157.49
437.29,666.4,333.72999999999996,157.49
438.11,667.59,333.73,157.49
438.93,668.78,333.72999999999996,157.49
439.75,669.98,333.73,157.49
440.57,671.17,333.72999999999996,157.49
441.39,672.36,333.73,157.49
442.2,673.55,333.74000000000007,157.49
443.02,674.74,333.74,157.5
443.84,675.94,333.74000000000007,157.4899999999999
443.94,676.35,333.72999999999996,157.5
444.04,676.77,333.72999999999996,157.49
444.13,677.19,333.74,157.4899999999999
444.23,677.61,333.73,157.49
444.33,678.03,333.72999999999996,157.49
444.42,678.45,333.73999999999995,157.49
444.52,678.87,333.73,157.49
444.62,679.29,333.73,157.49
444.71,679.7,333.74000000000007,157.5
444.81,680.12,333.72999999999996,157.5
444.91,680.54,333.72999999999996,157.49
445.0,680.96,333.74,157.49
445.1,681.38,333.73,157.49
445.2,681.8,333.72999999999996,157.49
445.29,682.22,333.73999999999995,157.49
445.39,682.64,333.73,157.49
445.49,683.06,333.73,157.49
445.58,683.47,333.74000000000007,157.5
445.68,683.89,333.72999999999996,157.49
445.78,684.31,333.73,157.49
445.87,684.73,333.74,157.49
445.97,685.15,333.73,157.49
446.07,685.57,333.72999999999996,157.4899999999999
446.16,685.99,333.73999999999995,157.49
446.26,686.41,333.73,157.49
446.36,686.82,333.73,157.5
446.45,687.24,333.74000000000007,157.5
446.55,687.66,333.72999999999996,157.49
446.65,688.08,333.73,157.49
446.74,688.5,333.74,157.49
446.84,688.92,333.7300000000001,157.49
446.94,689.34,333.72999999999996,157.49
447.03,689.76,333.74,157.49
447.13,690.18,333.73,157.49
447.23,690.59,333.73,157.5
447.32,691.01,333.73999999999995,157.49
447.42,691.43,333.72999999999996,157.49
447.42,691.43,333.72999999999996,157.7600000000001
447.42,691.43,333.72999999999996,158.0300000000001
447.42,691.43,333.72999999999996,158.30000000000007
447.42,691.43,333.72999999999996,158.57000000000005
447.42,691.43,333.72999999999996,158.84000000000003
447.42,691.43,333.72999999999996,159.10000000000002
447.42,691.43,333.72999999999996,159.37
447.42,691.43,333.72999999999996,159.6400000000001
447.42,691.43,333.72999999999996,159.91000000000008
447.42,691.43,333.72999999999996,160.18000000000006
447.42,691.43,333.72999999999996,160.45000000000005
447.42,691.43,333.72999999999996,160.71000000000004
447.42,691.43,333.72999999999996,160.98000000000002
447.42,691.43,333.72999999999996,161.25
447.42,691.43,333.72999999999996,161.5200000000001
447.42,691.43,333.72999999999996,161.79000000000008
447.42,691.43,333.72999999999996,162.06000000000006
447.42,691.43,333.72999999999996,162.33000000000004
447.42,691.43,333.72999999999996,162.59000000000003
447.42,691.43,333.72999999999996,162.86
447.42,691.43,333.72999999999996,163.13
447.42,691.43,333.72999999999996,163.4000000000001
447.42,691.43,333.72999999999996,163.67000000000007
447.42,691.43,333.72999999999996,163.94000000000005
447.42,691.43,333.72999999999996,164.20000000000005
447.42,691.43,333.72999999999996,164.47000000000003
447.42,691.43,333.72999999999996,164.74
447.42,691.43,333.72999999999996,165.0100000000001
447.42,691.43,333.72999999999996,165.2800000000001
447.42,691.43,333.72999999999996,165.55000000000007
447.42,691.43,333.72999999999996,165.82000000000005
447.42,691.43,333.72999999999996,166.08000000000004
447.42,691.43,333.72999999999996,166.35000000000002
447.42,691.43,333.72999999999996,166.62
447.42,691.43,333.72999999999996,166.8900000000001
447.42,691.43,333.72999999999996,167.16000000000008
447.42,691.43,333.72999999999996,167.43000000000006
447.42,691.43,333.72999999999996,167.69000000000005
447.42,691.43,333.72999999999996,167.96000000000004
447.42,691.43,333.72999999999996,168.23000000000002
447.42,691.43,333.72999999999996,168.5
447.42,691.43,333.72999999999996,168.7700000000001
447.42,691.43,333.72999999999996,169.04000000000008
447.42,691.43,333.72999999999996,169.31000000000006
447.42,691.43,333.72999999999996,169.57000000000005
447.42,691.43,333.72999999999996,169.84000000000003
447.42,691.43,333.72999999999996,170.11
447.42,691.43,333.72999999999996,170.38
447.42,691.43,333.72999999999996,170.6500000000001
447.42,691.43,333.72999999999996,170.92000000000007
447.42,691.43,333.72999999999996,171.18000000000006
447.42,691.43,333.72999999999996,171.45000000000005
447.42,691.43,333.72999999999996,171.72000000000003
447.42,691.43,333.72999999999996,171.99
447.42,691.43,333.72999999999996,172.2600000000001
447.42,691.43,333.72999999999996,172.5300000000001
447.42,691.43,333.72999999999996,172.80000000000007
447.42,691.43,333.72999999999996,173.06000000000006
447.42,691.43,333.72999999999996,173.33000000000004
447.42,691.43,333.72999999999996,173.60000000000002
447.42,691.43,333.72999999999996,173.87
447.42,691.43,333.72999999999996,174.1400000000001
447.42,691.43,333.72999999999996,174.41000000000008
447.42,691.43,333.72999999999996,174.67000000000007
447.42,691.43,333.72999999999996,174.94000000000005
447.42,691.43,333.72999999999996,175.21000000000004
447.42,691.43,333.72999999999996,175.48000000000002
447.42,691.43,333.72999999999996,175.75
447.42,691.43,333.72999999999996,176.0200000000001
447.42,691.43,333.72999999999996,176.29000000000008
447.42,691.43,333.72999999999996,176.55000000000007
447.42,691.43,333.72999999999996,176.82000000000005
447.42,691.43,333.72999999999996,177.09000000000003
447.42,691.43,333.72999999999996,177.36
447.42,691.43,333.72999999999996,177.63
447.42,691.43,333.72999999999996,177.9000000000001
447.42,691.43,333.72999999999996,178.16000000000008
447.42,691.43,333.72999999999996,178.43000000000006
447.42,691.43,333.72999999999996,178.70000000000005
447.42,691.43,333.72999999999996,178.97000000000003
447.36,691.57,333.73,178.9699999999999
447.29,691.72,333.72999999999996,178.97000000000003
447.23,691.86,333.73,178.97000000000003
447.16,692.0,333.72999999999996,178.97000000000003
447.1,692.14,333.73,178.97000000000003
447.03,692.29,333.73,178.97000000000003
446.97,692.43,333.73,178.97000000000003
446.9,692.57,333.73,178.9699999999999
446.84,692.71,333.7300000000001,178.9699999999999
446.77,692.86,333.74,178.97000000000003
446.71,693.0,333.7300000000001,178.97000000000003
446.64,693.14,333.74,178.97000000000003
446.58,693.28,333.72999999999996,178.97000000000003
446.51,693.43,333.74,178.97000000000003
446.45,693.57,333.72999999999996,178.9699999999999
446.38,693.71,333.74,178.9699999999999
446.32,693.85,333.72999999999996,178.97000000000003
446.25,694.0,333.74,178.97000000000003
446.19,694.14,333.72999999999996,178.97000000000003
446.12,694.28,333.74,178.97000000000003
446.06,694.42,333.72999999999996,178.97000000000003
445.99,694.57,333.74,178.9699999999999
445.93,694.71,333.72999999999996,178.9699999999999
445.86,694.85,333.74,178.97000000000003
445.8,695.0,333.72999999999996,178.96000000000004
445.74,695.14,333.73,178.97000000000003
445.67,695.28,333.72999999999996,178.97000000000003
445.61,695.42,333.73,178.97000000000003
445.54,695.57,333.72999999999996,178.95999999999992
445.48,695.71,333.73,178.9699999999999
445.41,695.85,333.72999999999996,178.97000000000003
445.35,695.99,333.73,178.97000000000003
445.28,696.14,333.73,178.96000000000004
445.22,696.28,333.73,178.97000000000003
445.15,696.42,333.74,178.97000000000003
445.09,696.56,333.7300000000001,178.97000000000003
445.02,696.71,333.74,178.95999999999992
444.96,696.85,333.7300000000001,178.97000000000003
444.89,696.99,333.74,178.97000000000003
444.83,697.13,333.72999999999996,178.97000000000003
444.76,697.28,333.74,178.96000000000004
444.7,697.42,333.72999999999996,178.97000000000003
444.63,697.56,333.74,178.97000000000003
444.57,697.7,333.72999999999996,178.9699999999999
444.5,697.85,333.74,178.95999999999992
444.44,697.99,333.72999999999996,178.97000000000003
444.37,698.13,333.74,178.97000000000003
444.31,698.27,333.72999999999996,178.97000000000003
444.25,698.42,333.73,178.96000000000004
444.18,698.56,333.72999999999996,178.97000000000003
444.12,698.7,333.73,178.9699999999999
444.05,698.84,333.72999999999996,178.9699999999999
443.99,698.99,333.73,178.96000000000004
443.92,699.13,333.72999999999996,178.97000000000003
443.86,699.27,333.73,178.97000000000003
443.79,699.41,333.72999999999996,178.97000000000003
443.73,699.56,333.73,178.96000000000004
443.66,699.7,333.73999999999995,178.9699999999999
443.6,699.84,333.73,178.9699999999999
443.53,699.98,333.74,178.97000000000003
443.47,700.13,333.73,178.96000000000004
443.4,700.27,333.74,178.97000000000003
443.34,700.41,333.7300000000001,178.97000000000003
443.27,700.55,333.74,178.97000000000003
443.21,700.7,333.7300000000001,178.95999999999992
443.14,700.84,333.74,178.9699999999999
443.08,700.98,333.72999999999996,178.97000000000003
443.01,701.12,333.74,178.97000000000003
442.95,701.27,333.72999999999996,178.96000000000004
442.88,701.41,333.74,178.97000000000003
442.82,701.55,333.72999999999996,178.97000000000003
442.75,701.69,333.74,178.9699999999999
442.69,701.84,333.72999999999996,178.9699999999999
442.63,701.98,333.73,178.97000000000003
442.56,702.12,333.72999999999996,178.97000000000003
442.5,702.26,333.73,178.97000000000003
442.43,702.41,333.72999999999996,178.97000000000003
442.37,702.55,333.73,178.97000000000003
442.3,702.69,333.72999999999996,178.9699999999999
442.24,702.83,333.73,178.9699999999999
442.17,702.98,333.72999999999996,178.97000000000003
442.11,703.12,333.73,178.97000000000003
442.04,703.26,333.73999999999995,178.97000000000003
441.98,703.4,333.73,178.97000000000003
441.91,703.55,333.73999999999995,178.97000000000003
441.85,703.69,333.73,178.9699999999999
441.78,703.83,333.74,178.9699999999999
441.72,703.97,333.73,178.97000000000003
441.65,704.12,333.74,178.97000000000003
441.59,704.26,333.7300000000001,178.97000000000003
441.52,704.4,333.74,178.97000000000003
441.46,704.54,333.7300000000001,178.97000000000003
441.39,704.69,333.74,178.9699999999999
441.33,704.83,333.72999999999996,178.9699999999999
441.26,704.97,333.74,178.97000000000003
441.2,705.12,333.72999999999996,178.96000000000004
441.14,705.26,333.73,178.97000000000003
441.07,705.4,333.72999999999996,178.97000000000003
441.01,705.54,333.73,178.97000000000003
440.94,705.69,333.72999999999996,178.95999999999992
440.88,705.83,333.73,178.9699999999999
440.81,705.97,333.72999999999996,178.97000000000003
440.75,706.11,333.73,178.97000000000003
440.68,706.26,333.72999999999996,178.96000000000004
440.62,706.4,333.73,178.97000000000003
440.55,706.54,333.73999999999995,178.97000000000003
440.49,706.68,333.73,178.97000000000003
440.42,706.83,333.73999999999995,178.95999999999992
440.36,706.97,333.73,178.97000000000003
440.29,707.11,333.73999999999995,178.97000000000003
440.23,707.25,333.73,178.97000000000003
440.16,707.4,333.73999999999995,178.96000000000004
440.1,707.54,333.73,178.97000000000003
440.03,707.68,333.74,178.97000000000003
439.97,707.82,333.73,178.9699999999999
439.9,707.97,333.74,178.95999999999992
439.84,708.11,333.7300000000001,178.97000000000003
439.77,708.25,333.74,178.97000000000003
439.71,708.39,333.7300000000001,178.97000000000003
439.64,708.54,333.74,178.96000000000004
439.58,708.68,333.72999999999996,178.97000000000003
439.52,708.82,333.73,178.9699999999999
439.45,708.96,333.72999999999996,178.9699999999999
439.39,709.11,333.73,178.96000000000004
439.32,709.25,333.72999999999996,178.97000000000003
439.26,709.39,333.73,178.97000000000003
439.19,709.53,333.72999999999996,178.97000000000003
439.13,709.68,333.73,178.96000000000004
439.06,709.82,333.72999999999996,178.9699999999999
439.0,709.96,333.73,178.9699999999999
438.93,710.1,333.73999999999995,178.97000000000003
438.87,710.25,333.73,178.96000000000004
438.8,710.39,333.73999999999995,178.97000000000003
438.74,710.53,333.73,178.97000000000003
438.67,710.67,333.73999999999995,178.97000000000003
438.61,710.82,333.73,178.95999999999992
438.54,710.96,333.73999999999995,178.9699999999999
438.48,711.1,333.73,178.97000000000003
438.41,711.24,333.73999999999995,178.97000000000003
438.35,711.39,333.73,178.96000000000004
438.28,711.53,333.74,178.97000000000003
438.22,711.67,333.73,178.97000000000003
438.15,711.81,333.74,178.97000000000003
438.09,711.96,333.7300000000001,178.9699999999999
438.02,712.1,333.74,178.97000000000003
437.96,712.24,333.7300000000001,178.97000000000003
437.9,712.38,333.73,178.97000000000003
437.83,712.53,333.72999999999996,178.97000000000003
437.77,712.67,333.73,178.97000000000003
437.7,712.81,333.72999999999996,178.97000000000003
437.64,712.95,333.73,178.9699999999999
437.57,713.1,333.72999999999996,178.97000000000003
437.51,713.24,333.73,178.97000000000003
437.44,713.38,333.73999999999995,178.97000000000003
437.38,713.52,333.73,178.97000000000003
437.31,713.67,333.73999999999995,178.97000000000003
437.25,713.81,333.73,178.97000000000003
437.18,713.95,333.73999999999995,178.9699999999999
437.12,714.09,333.73,178.9699999999999
437.05,714.24,333.73999999999995,178.97000000000003
436.99,714.38,333.73,178.97000000000003
436.92,714.52,333.73999999999995,178.97000000000003
436.86,714.66,333.73,178.97000000000003
436.79,714.81,333.73999999999995,178.97000000000003
436.73,714.95,333.73,178.9699999999999
436.66,715.09,333.73999999999995,178.9699999999999
436.6,715.24,333.73,178.96000000000004
436.53,715.38,333.74,178.97000000000003
436.47,715.52,333.73,178.97000000000003
436.41,715.66,333.72999999999996,178.97000000000003
436.34,715.81,333.7300000000001,178.96000000000004
436.28,715.95,333.73,178.9699999999999
436.21,716.09,333.7300000000001,178.9699999999999
436.15,716.23,333.73,178.97000000000003
436.08,716.38,333.72999999999996,178.96000000000004
436.02,716.52,333.73,178.97000000000003
435.95,716.66,333.72999999999996,178.97000000000003
435.89,716.8,333.73,178.97000000000003
435.82,716.95,333.73999999999995,178.95999999999992
435.76,717.09,333.73,178.9699999999999
435.69,717.23,333.73999999999995,178.97000000000003
435.63,717.37,333.73,178.97000000000003
435.56,717.52,333.73999999999995,178.96000000000004
435.5,717.66,333.73,178.97000000000003
435.15,717.85,333.73,179.48000000000002
434.79,718.04,333.73999999999995,179.99
434.44,718.23,333.72999999999996,180.51
434.09,718.42,333.7300000000001,181.0200000000001
433.74,718.61,333.73,181.53999999999996
433.38,718.8,333.74,182.05000000000007
433.03,718.99,333.74,182.55999999999995
432.68,719.18,333.72999999999996,183.08000000000004
432.33,719.36,333.72999999999996,183.60000000000002
431.98,719.55,333.73,184.12
431.62,719.74,333.74,184.63
431.27,719.93,333.73,185.1400000000001
430.92,720.12,333.72999999999996,185.65999999999997
430.57,720.31,333.72999999999996,186.17000000000007
430.21,720.5,333.74000000000007,186.69000000000005
429.86,720.69,333.74,187.19999999999993
429.51,720.88,333.73,187.71000000000004
429.16,721.07,333.72999999999996,188.2299999999999
428.81,721.26,333.72999999999996,188.74
428.45,721.45,333.74000000000007,189.26
428.1,721.64,333.73,189.76999999999998
427.75,721.83,333.73,190.27999999999997
427.4,722.02,333.73,190.80000000000007
427.04,722.21,333.73999999999995,191.30999999999995
426.69,722.4,333.73999999999995,191.83000000000004
426.34,722.59,333.7300000000001,192.33999999999992
425.99,722.78,333.73,192.85000000000002
425.64,722.97,333.73,193.37
425.28,723.16,333.74,193.88
424.93,723.35,333.72999999999996,194.39
424.58,723.54,333.72999999999996,194.91000000000008
424.23,723.73,333.73,195.41999999999996
423.87,723.92,333.74,195.94000000000005
423.52,724.11,333.74,196.44999999999993
423.17,724.3,333.72999999999996,196.96000000000004
422.82,724.48,333.72999999999996,197.49
422.47,724.67,333.73,198.0
422.11,724.86,333.74,198.51999999999998
421.76,725.05,333.73,199.0300000000001
421.41,725.24,333.72999999999996,199.53999999999996
421.06,725.43,333.72999999999996,200.06000000000006
420.7,725.62,333.74000000000007,200.57000000000005
420.35,725.81,333.74,201.09000000000003
420.0,726.0,333.73,201.60000000000002
419.73,725.84,333.74,201.60000000000002
419.46,725.68,333.74000000000007,201.60000000000002
419.2,725.52,333.72999999999996,201.59000000000003
418.93,725.35,333.72999999999996,201.60000000000002
418.66,725.19,333.73999999999995,201.5999999999999
418.39,725.03,333.74,201.60000000000002
418.13,724.87,333.73,201.59000000000003
417.86,724.7,333.73,201.5999999999999
417.59,724.54,333.7300000000001,201.60000000000002
417.32,724.38,333.73999999999995,201.60000000000002
417.06,724.22,333.72999999999996,201.60000000000002
416.79,724.06,333.72999999999996,201.59000000000003
416.52,723.89,333.73,201.60000000000002
416.25,723.73,333.74,201.60000000000002
415.99,723.57,333.73,201.5999999999999
415.72,723.41,333.73,201.60000000000002
415.45,723.24,333.72999999999996,201.60000000000002
415.18,723.08,333.73999999999995,201.5999999999999
414.92,722.92,333.72999999999996,201.60000000000002
414.65,722.76,333.73,201.60000000000002
414.38,722.6,333.73,201.59000000000003
414.11,722.43,333.74,201.60000000000002
413.85,722.27,333.73,201.60000000000002
413.58,722.11,333.72999999999996,201.60000000000002
413.31,721.95,333.72999999999996,201.5999999999999
413.04,721.79,333.73999999999995,201.59000000000003
412.77,721.62,333.74,201.60000000000002
412.51,721.46,333.73,201.5999999999999
412.24,721.3,333.73,201.60000000000002
411.97,721.14,333.74,201.59000000000003
411.7,720.97,333.74000000000007,201.60000000000002
411.44,720.81,333.72999999999996,201.60000000000002
411.17,720.65,333.72999999999996,201.60000000000002
410.9,720.49,333.73,201.60000000000002
410.63,720.33,333.74,201.58999999999992
410.37,720.16,333.73,201.60000000000002
410.1,720.0,333.73,201.60000000000002
409.83,719.84,333.72999999999996,201.60000000000002
409.56,719.68,333.73999999999995,201.60000000000002
409.3,719.51,333.72999999999996,201.60000000000002
409.03,719.35,333.73,201.60000000000002
408.76,719.19,333.73,201.5999999999999
408.49,719.03,333.74,201.60000000000002
408.23,718.87,333.73,201.59000000000003
407.96,718.7,333.7300000000001,201.5999999999999
407.69,718.54,333.72999999999996,201.60000000000002
407.42,718.38,333.73999999999995,201.60000000000002
407.15,718.22,333.74,201.60000000000002
406.89,718.06,333.73,201.59000000000003
406.62,717.89,333.73,201.60000000000002
406.35,717.73,333.74,201.60000000000002
406.08,717.57,333.74000000000007,201.5999999999999
405.82,717.41,333.72999999999996,201.59000000000003
405.55,717.24,333.72999999999996,201.60000000000002
405.28,717.08,333.73,201.5999999999999
405.01,716.92,333.74,201.60000000000002
404.75,716.76,333.73,201.60000000000002
404.48,716.6,333.73,201.59000000000003
404.21,716.43,333.7300000000001,201.60000000000002
403.94,716.27,333.73999999999995,201.60000000000002
403.68,716.11,333.72999999999996,201.60000000000002
403.41,715.95,333.72999999999996,201.5999999999999
403.14,715.78,333.73,201.60000000000002
402.87,715.62,333.74,201.60000000000002
402.61,715.46,333.73,201.5999999999999
402.34,715.3,333.7300000000001,201.60000000000002
402.07,715.14,333.72999999999996,201.59000000000003
401.8,714.97,333.73999999999995,201.60000000000002
401.54,714.81,333.72999999999996,201.60000000000002
401.27,714.65,333.73,201.60000000000002
401.0,714.49,333.73,201.60000000000002
400.73,714.33,333.74,201.58999999999992
400.46,714.16,333.74000000000007,201.60000000000002
400.2,714.0,333.72999999999996,201.60000000000002
399.93,713.84,333.72999999999996,201.60000000000002
399.66,713.68,333.73999999999995,201.59000000000003
399.39,713.51,333.74,201.60000000000002
399.13,713.35,333.73,201.60000000000002
398.86,713.19,333.73,201.5999999999999
398.59,713.03,333.7300000000001,201.60000000000002
398.32,712.87,333.73999999999995,201.59000000000003
398.06,712.7,333.72999999999996,201.5999999999999
397.79,712.54,333.72999999999996,201.60000000000002
397.52,712.38,333.73,201.60000000000002
397.25,712.22,333.74,201.60000000000002
396.99,712.05,333.73,201.60000000000002
396.72,711.89,333.73,201.60000000000002
396.45,711.73,333.72999999999996,201.60000000000002
396.18,711.57,333.73999999999995,201.5999999999999
395.92,711.41,333.72999999999996,201.59000000000003
395.65,711.24,333.73,201.60000000000002
395.38,711.08,333.73,201.5999999999999
395.11,710.92,333.74,201.60000000000002
394.85,710.76,333.73,201.60000000000002
394.58,710.6,333.72999999999996,201.59000000000003
394.31,710.43,333.72999999999996,201.60000000000002
394.04,710.27,333.73999999999995,201.60000000000002
393.77,710.11,333.74,201.60000000000002
393.51,709.95,333.73,201.58999999999992
393.24,709.78,333.73,201.60000000000002
392.97,709.62,333.74,201.60000000000002
392.7,709.46,333.74000000000007,201.5999999999999
392.44,709.3,333.72999999999996,201.60000000000002
392.17,709.14,333.72999999999996,201.59000000000003
391.9,708.97,333.73,201.60000000000002
391.63,708.81,333.74,201.60000000000002
391.37,708.65,333.73,201.60000000000002
391.1,708.49,333.73,201.60000000000002
390.83,708.32,333.72999999999996,201.5999999999999
390.56,708.16,333.73999999999995,201.60000000000002
390.3,708.0,333.72999999999996,201.60000000000002
390.03,707.84,333.73,201.60000000000002
389.76,707.68,333.73,201.59000000000003
389.49,707.51,333.74,201.60000000000002
389.23,707.35,333.73,201.60000000000002
388.96,707.19,333.7300000000001,201.5999999999999
388.69,707.03,333.72999999999996,201.60000000000002
388.42,706.87,333.73999999999995,201.59000000000003
388.16,706.7,333.72999999999996,201.5999999999999
387.89,706.54,333.73,201.60000000000002
387.62,706.38,333.73,201.60000000000002
387.35,706.22,333.74,201.58999999999992
387.08,706.05,333.74000000000007,201.60000000000002
386.82,705.89,333.72999999999996,201.60000000000002
386.55,705.73,333.72999999999996,201.60000000000002
386.28,705.57,333.74,201.5999999999999
386.01,705.41,333.74,201.59000000000003
385.75,705.24,333.73,201.60000000000002
385.48,705.08,333.73,201.5999999999999
385.21,704.92,333.7300000000001,201.60000000000002
384.94,704.76,333.73999999999995,201.59000000000003
384.68,704.59,333.72999999999996,201.60000000000002
384.41,704.43,333.72999999999996,201.60000000000002
384.14,704.27,333.73,201.60000000000002
383.87,704.11,333.74,201.60000000000002
383.61,703.95,333.73,201.58999999999992
383.34,703.78,333.7300000000001,201.60000000000002
383.07,703.62,333.72999999999996,201.60000000000002
382.8,703.46,333.73999999999995,201.5999999999999
382.54,703.3,333.72999999999996,201.60000000000002
382.27,703.14,333.73,201.59000000000003
382.0,702.97,333.73,201.60000000000002
381.73,702.81,333.74,201.60000000000002
381.46,702.65,333.74000000000007,201.60000000000002
381.2,702.49,333.72999999999996,201.59000000000003
380.93,702.32,333.72999999999996,201.5999999999999
380.66,702.16,333.73999999999995,201.60000000000002
381.14,701.57,333.74,201.58999999999992
381.63,700.97,333.73,201.60000000000002
382.11,700.37,333.73,201.60000000000002
382.59,699.78,333.74000000000007,201.60000000000002
383.07,699.18,333.73999999999995,201.60000000000002
383.56,698.59,333.72999999999996,201.58999999999992
384.04,697.99,333.72999999999996,201.60000000000002
384.52,697.39,333.74,201.60000000000002
385.0,696.8,333.74,201.60000000000002
385.49,696.2,333.73,201.5999999999999
385.97,695.61,333.73,201.59000000000003
386.45,695.01,333.74000000000007,201.60000000000002
386.93,694.41,333.73999999999995,201.60000000000002
387.42,693.82,333.72999999999996,201.5999999999999
387.9,693.22,333.73,201.60000000000002
388.38,692.63,333.74,201.59000000000003
388.86,692.03,333.74,201.60000000000002
389.35,691.43,333.73,201.60000000000002
389.83,690.84,333.72999999999996,201.60000000000002
390.31,690.24,333.73999999999995,201.60000000000002
390.79,689.65,333.73999999999995,201.59000000000003
391.28,689.05,333.73,201.60000000000002
391.76,688.45,333.73,201.5999999999999
392.24,687.86,333.74,201.60000000000002
392.72,687.26,333.74,201.60000000000002
393.21,686.67,333.7300000000001,201.59000000000003
393.69,686.07,333.72999999999996,201.5999999999999
394.17,685.47,333.73999999999995,201.60000000000002
394.66,684.88,333.72999999999996,201.60000000000002
395.14,684.28,333.73,201.60000000000002
395.62,683.69,333.73,201.58999999999992
396.1,683.09,333.74,201.60000000000002
396.59,682.49,333.7300000000001,201.60000000000002
397.07,681.9,333.72999999999996,201.60000000000002
397.55,681.3,333.72999999999996,201.60000000000002
398.03,680.71,333.74,201.58999999999992
398.52,680.11,333.73,201.60000000000002
399.0,679.51,333.73,201.60000000000002
399.48,678.92,333.73,201.60000000000002
399.96,678.32,333.74000000000007,201.5999999999999
400.45,677.72,333.72999999999996,201.60000000000002
400.93,677.13,333.72999999999996,201.60000000000002
405.53,675.77,333.73,201.59000000000003
410.12,674.4,333.74,201.60000000000002
414.72,673.04,333.73,201.60000000000002
419.32,671.68,333.72999999999996,201.60000000000002
423.92,670.32,333.72999999999996,201.58999999999992
428.51,668.95,333.74,201.5999999999999
433.11,667.59,333.73,201.60000000000002
433.98,666.86,333.74,201.60000000000002
434.86,666.14,333.73,201.60000000000002
435.73,665.41,333.73,201.60000000000002
436.6,664.68,333.73,201.60000000000002
437.47,663.96,333.74,201.5999999999999
438.34,663.23,333.74000000000007,201.60000000000002
439.22,662.5,333.73,201.60000000000002
440.09,661.78,333.7300000000001,201.59000000000003
440.96,661.05,333.7300000000001,201.60000000000002
441.83,660.32,333.74000000000007,201.5999999999999
442.71,659.6,333.7300000000001,201.59000000000003
443.58,658.87,333.72999999999996,201.60000000000002
444.45,658.14,333.72999999999996,201.60000000000002
445.32,657.42,333.73999999999995,201.59000000000003
446.19,656.69,333.73999999999995,201.5999999999999
447.07,655.96,333.72999999999996,201.5999999999999
447.94,655.23,333.72999999999996,201.60000000000002
448.81,654.51,333.72999999999996,201.60000000000002
449.68,653.78,333.73999999999995,201.60000000000002
450.56,653.05,333.72999999999996,201.60000000000002
451.43,652.33,333.72999999999996,201.5999999999999
452.3,651.6,333.72999999999996,201.60000000000002
453.17,650.87,333.73999999999995,201.60000000000002
454.05,650.15,333.72999999999996,201.59000000000003
454.92,649.42,333.72999999999996,201.60000000000002
455.79,648.69,333.72999999999996,201.5999999999999
456.66,647.97,333.72999999999996,201.58999999999992
457.53,647.24,333.74,201.60000000000002
458.41,646.51,333.72999999999996,201.60000000000002
459.28,645.78,333.73,201.60000000000002
460.15,645.06,333.73,201.60000000000002
461.02,644.33,333.74,201.5999999999999
461.9,643.6,333.73,201.60000000000002
462.77,642.88,333.73,201.60000000000002
463.64,642.15,333.73,201.60000000000002
464.51,641.42,333.74,201.60000000000002
465.38,640.7,333.74,201.58999999999992
466.26,639.97,333.73,201.60000000000002
467.13,639.24,333.73,201.60000000000002
468.0,638.52,333.73,201.59000000000003
468.87,637.79,333.74,201.60000000000002